# hostname;interval;timestamp;pgpgin/s;pgpgout/s;fault/s;majflt/s;pgfree/s;pgscank/s;pgscand/s;pgsteal/s;%vmeff
NOEYYRYH;60;2017-07-30 22:01:01 UTC;75.42;305.69;1291.82;0.52;461.67;0.00;0.00;0.00;0.00
NOEYYRYH;60;2017-07-30 22:02:01 UTC;24.54;1126.11;1292.83;0.20;783.31;0.00;0.00;0.00;0.00
NOEYYRYH;60;2017-07-30 22:03:01 UTC;0.00;29.75;634.72;0.00;253.43;0.00;0.00;0.00;0.00
NOEYYRYH;60;2017-07-30 22:04:01 UTC;0.00;853.44;1182.15;0.00;740.09;0.00;0.00;0.00;0.00
NOEYYRYH;60;2017-07-30 22:05:01 UTC;0.00;298.93;610.45;0.00;257.62;0.00;0.00;0.00;0.00
NOEYYRYH;60;2017-07-30 22:06:01 UTC;0.00;846.76;1195.15;0.00;744.88;0.00;0.00;0.00;0.00
NOEYYRYH;60;2017-07-30 22:07:01 UTC;0.00;300.02;642.72;0.00;262.38;0.00;0.00;0.00;0.00
NOEYYRYH;60;2017-07-30 22:08:01 UTC;0.00;852.28;1133.66;0.00;661.68;0.00;0.00;0.00;0.00
NOEYYRYH;60;2017-07-30 22:09:01 UTC;0.00;305.00;677.25;0.00;335.21;0.00;0.00;0.00;0.00
NOEYYRYH;60;2017-07-30 22:10:01 UTC;0.00;1122.09;1180.34;0.00;687.52;0.00;0.00;0.00;0.00
NOEYYRYH;60;2017-07-30 22:11:01 UTC;0.00;24.09;631.31;0.00;313.69;0.00;0.00;0.00;0.00
NOEYYRYH;60;2017-07-30 22:12:01 UTC;0.00;846.82;1153.21;0.00;691.96;0.00;0.00;0.00;0.00
NOEYYRYH;60;2017-07-30 22:13:01 UTC;0.00;305.17;698.03;0.00;323.47;0.00;0.00;0.00;0.00
NOEYYRYH;60;2017-07-30 22:14:01 UTC;0.00;853.04;1081.75;0.00;664.21;0.00;0.00;0.00;0.00
NOEYYRYH;60;2017-07-30 22:15:01 UTC;0.07;298.87;709.87;0.00;329.89;0.00;0.00;0.00;0.00
NOEYYRYH;60;2017-07-30 22:16:01 UTC;0.00;849.22;1084.56;0.00;669.37;0.00;0.00;0.00;0.00
NOEYYRYH;60;2017-07-30 22:17:01 UTC;0.00;297.50;747.15;0.00;335.93;0.00;0.00;0.00;0.00
NOEYYRYH;60;2017-07-30 22:18:01 UTC;0.00;853.97;1084.79;0.00;663.58;0.00;0.00;0.00;0.00
NOEYYRYH;60;2017-07-30 22:19:01 UTC;0.00;304.50;742.16;0.00;335.86;0.00;0.00;0.00;0.00
NOEYYRYH;60;2017-07-30 22:20:01 UTC;0.00;847.82;1080.28;0.00;665.86;0.00;0.00;0.00;0.00
NOEYYRYH;60;2017-07-30 22:21:01 UTC;0.00;298.35;726.48;0.00;335.70;0.00;0.00;0.00;0.00
NOEYYRYH;60;2017-07-30 22:22:01 UTC;0.00;847.03;1091.96;0.00;667.03;0.00;0.00;0.00;0.00
NOEYYRYH;60;2017-07-30 22:23:01 UTC;0.00;304.83;743.36;0.00;336.96;0.00;0.00;0.00;0.00
NOEYYRYH;60;2017-07-30 22:24:02 UTC;0.00;854.49;1078.56;0.00;663.58;0.00;0.00;0.00;0.00
NOEYYRYH;59;2017-07-30 22:25:01 UTC;0.00;304.95;747.57;0.00;340.57;0.00;0.00;0.00;0.00
NOEYYRYH;60;2017-07-30 22:26:01 UTC;0.00;574.79;998.87;0.00;589.55;0.00;0.00;0.00;0.00
NOEYYRYH;60;2017-07-30 22:27:01 UTC;0.00;571.59;801.98;0.00;410.44;0.00;0.00;0.00;0.00
NOEYYRYH;60;2017-07-30 22:28:01 UTC;0.00;579.49;1032.23;0.00;598.32;0.00;0.00;0.00;0.00
NOEYYRYH;60;2017-07-30 22:29:01 UTC;0.00;577.99;784.41;0.00;401.08;0.00;0.00;0.00;0.00
NOEYYRYH;60;2017-07-30 22:30:01 UTC;0.00;574.83;1000.25;0.00;587.90;0.00;0.00;0.00;0.00
NOEYYRYH;60;2017-07-30 22:31:01 UTC;0.00;571.52;814.50;0.00;422.84;0.00;0.00;0.00;0.00
NOEYYRYH;60;2017-07-30 22:32:01 UTC;0.00;575.35;1013.56;0.00;587.59;0.00;0.00;0.00;0.00
NOEYYRYH;60;2017-07-30 22:33:01 UTC;0.00;578.23;827.07;0.00;413.17;0.00;0.00;0.00;0.00
NOEYYRYH;60;2017-07-30 22:34:01 UTC;0.00;579.62;989.49;0.00;587.24;0.00;0.00;0.00;0.00
NOEYYRYH;60;2017-07-30 22:35:01 UTC;0.00;572.61;812.74;0.00;410.86;0.00;0.00;0.00;0.00
NOEYYRYH;60;2017-07-30 22:36:01 UTC;0.00;574.72;1009.14;0.00;592.58;0.00;0.00;0.00;0.00
NOEYYRYH;60;2017-07-30 22:37:01 UTC;0.00;571.30;804.85;0.00;409.95;0.00;0.00;0.00;0.00
NOEYYRYH;60;2017-07-30 22:38:01 UTC;0.00;579.79;1026.96;0.00;594.03;0.00;0.00;0.00;0.00
NOEYYRYH;60;2017-07-30 22:39:01 UTC;0.00;578.48;784.00;0.00;406.16;0.00;0.00;0.00;0.00
NOEYYRYH;60;2017-07-30 22:40:01 UTC;0.00;574.26;1028.88;0.00;602.57;0.00;0.00;0.00;0.00
NOEYYRYH;60;2017-07-30 22:41:01 UTC;0.00;570.50;800.02;0.00;410.89;0.00;0.00;0.00;0.00
NOEYYRYH;60;2017-07-30 22:42:01 UTC;0.00;574.99;1010.80;0.00;590.51;0.00;0.00;0.00;0.00
NOEYYRYH;60;2017-07-30 22:43:01 UTC;0.00;576.43;801.28;0.00;408.60;0.00;0.00;0.00;0.00
NOEYYRYH;60;2017-07-30 22:44:01 UTC;0.00;580.59;1036.18;0.00;601.87;0.00;0.00;0.00;0.00
NOEYYRYH;60;2017-07-30 22:45:01 UTC;0.00;571.75;775.40;0.00;397.85;0.00;0.00;0.00;0.00
NOEYYRYH;60;2017-07-30 22:46:01 UTC;0.00;575.13;980.11;0.00;588.16;0.00;0.00;0.00;0.00
NOEYYRYH;60;2017-07-30 22:47:01 UTC;0.00;570.66;851.52;0.00;586.83;0.00;1.07;1.05;98.44
NOEYYRYH;60;2017-07-30 22:48:01 UTC;0.00;579.23;1010.67;0.00;588.70;0.00;0.00;0.00;0.00
NOEYYRYH;60;2017-07-30 22:49:01 UTC;0.00;578.23;811.60;0.00;419.37;0.00;0.00;0.00;0.00
NOEYYRYH;60;2017-07-30 22:50:01 UTC;0.00;573.82;990.23;0.00;586.24;0.00;0.00;0.00;0.00
NOEYYRYH;60;2017-07-30 22:51:01 UTC;0.00;572.06;827.79;0.00;414.65;0.00;0.00;0.00;0.00
NOEYYRYH;60;2017-07-30 22:52:01 UTC;0.00;573.62;996.77;0.00;586.56;0.00;0.00;0.00;0.00
NOEYYRYH;60;2017-07-30 22:53:01 UTC;0.00;576.96;814.14;0.00;411.60;0.00;0.00;0.00;0.00
NOEYYRYH;60;2017-07-30 22:54:01 UTC;0.00;581.59;1013.33;0.00;613.99;0.00;0.00;0.00;0.00
NOEYYRYH;60;2017-07-30 22:55:01 UTC;0.00;572.43;822.59;0.00;411.87;0.00;0.00;0.00;0.00
NOEYYRYH;60;2017-07-30 22:56:01 UTC;0.00;572.29;1008.20;0.00;683.39;0.00;0.00;0.00;0.00
NOEYYRYH;60;2017-07-30 22:57:01 UTC;0.00;572.69;774.89;0.00;400.52;0.00;0.00;0.00;0.00
NOEYYRYH;60;2017-07-30 22:58:01 UTC;0.00;578.93;1047.00;0.00;594.93;0.00;0.00;0.00;0.00
NOEYYRYH;60;2017-07-30 22:59:01 UTC;0.07;577.46;781.16;0.00;406.12;0.00;0.00;0.00;0.00
NOEYYRYH;60;2017-07-30 23:00:01 UTC;0.00;574.75;1038.57;0.00;598.62;0.00;0.00;0.00;0.00
NOEYYRYH;60;2017-07-30 23:01:01 UTC;0.00;572.69;813.41;0.00;408.74;0.00;0.00;0.00;0.00
NOEYYRYH;60;2017-07-30 23:02:01 UTC;1.20;577.02;1117.73;0.02;622.53;0.00;0.00;0.00;0.00
NOEYYRYH;60;2017-07-30 23:03:01 UTC;0.00;577.22;829.41;0.00;458.86;0.00;0.00;0.00;0.00
NOEYYRYH;60;2017-07-30 23:04:01 UTC;0.00;580.55;997.30;0.00;586.24;0.00;0.00;0.00;0.00
NOEYYRYH;60;2017-07-30 23:05:01 UTC;0.00;571.94;801.03;0.00;410.11;0.00;0.00;0.00;0.00
NOEYYRYH;60;2017-07-30 23:06:01 UTC;0.00;574.89;1007.57;0.00;593.66;0.00;0.00;0.00;0.00
NOEYYRYH;60;2017-07-30 23:07:01 UTC;0.00;571.75;817.48;0.00;411.69;0.00;0.00;0.00;0.00
NOEYYRYH;60;2017-07-30 23:08:01 UTC;2.14;578.22;1010.18;0.00;589.99;0.00;0.00;0.00;0.00
NOEYYRYH;60;2017-07-30 23:09:01 UTC;0.00;579.96;810.69;0.00;412.29;0.00;0.00;0.00;0.00
NOEYYRYH;60;2017-07-30 23:10:01 UTC;0.00;573.89;1002.02;0.00;588.73;0.00;0.00;0.00;0.00
NOEYYRYH;60;2017-07-30 23:11:01 UTC;0.07;570.82;796.08;0.00;412.12;0.00;0.00;0.00;0.00
NOEYYRYH;60;2017-07-30 23:12:01 UTC;0.00;575.03;998.95;0.00;587.01;0.00;0.00;0.00;0.00
NOEYYRYH;60;2017-07-30 23:13:01 UTC;0.00;576.56;841.34;0.00;413.82;0.00;0.00;0.00;0.00
NOEYYRYH;60;2017-07-30 23:14:01 UTC;0.00;580.68;1005.24;0.00;589.32;0.00;0.00;0.00;0.00
NOEYYRYH;60;2017-07-30 23:15:01 UTC;0.00;572.06;809.14;0.00;406.94;0.00;0.00;0.00;0.00
NOEYYRYH;60;2017-07-30 23:16:01 UTC;0.00;574.15;1007.49;0.00;592.76;0.00;0.00;0.00;0.00
NOEYYRYH;60;2017-07-30 23:17:01 UTC;0.00;571.33;807.85;0.00;409.27;0.00;0.00;0.00;0.00
NOEYYRYH;60;2017-07-30 23:18:01 UTC;0.00;578.72;1012.12;0.00;591.59;0.00;0.00;0.00;0.00
NOEYYRYH;60;2017-07-30 23:19:01 UTC;0.00;580.36;804.30;0.00;409.77;0.00;0.00;0.00;0.00
NOEYYRYH;60;2017-07-30 23:20:01 UTC;0.00;572.61;1015.88;0.00;592.83;0.00;0.00;0.00;0.00
NOEYYRYH;60;2017-07-30 23:21:01 UTC;0.00;573.56;821.69;0.00;416.02;0.00;0.00;0.00;0.00
NOEYYRYH;60;2017-07-30 23:22:01 UTC;0.00;574.89;985.91;0.00;582.87;0.00;0.00;0.00;0.00
NOEYYRYH;60;2017-07-30 23:23:01 UTC;0.00;575.99;812.10;0.00;411.19;0.00;0.00;0.00;0.00
NOEYYRYH;60;2017-07-30 23:24:01 UTC;0.00;581.99;1020.15;0.00;592.41;0.00;0.00;0.00;0.00
NOEYYRYH;60;2017-07-30 23:25:01 UTC;0.00;572.09;781.12;0.00;405.15;0.00;0.00;0.00;0.00
NOEYYRYH;60;2017-07-30 23:26:02 UTC;0.00;573.28;1040.00;0.00;595.98;0.00;0.00;0.00;0.00
NOEYYRYH;59;2017-07-30 23:27:01 UTC;0.00;582.78;799.29;0.00;409.51;0.00;0.00;0.00;0.00
NOEYYRYH;60;2017-07-30 23:28:01 UTC;0.00;578.35;1013.01;0.00;595.05;0.00;0.00;0.00;0.00
NOEYYRYH;60;2017-07-30 23:29:01 UTC;0.00;578.06;832.51;0.00;411.55;0.00;0.00;0.00;0.00
NOEYYRYH;60;2017-07-30 23:30:01 UTC;0.00;577.21;976.25;0.00;586.26;0.00;0.00;0.00;0.00
NOEYYRYH;60;2017-07-30 23:31:01 UTC;0.00;571.50;829.54;0.00;415.47;0.00;0.00;0.00;0.00
NOEYYRYH;60;2017-07-30 23:32:01 UTC;0.00;574.25;1010.02;0.00;588.69;0.00;0.00;0.00;0.00
NOEYYRYH;60;2017-07-30 23:33:01 UTC;115.81;1154.04;1456.89;0.28;913.61;0.00;0.00;0.00;0.00
NOEYYRYH;60;2017-07-30 23:34:01 UTC;2.20;305.40;926.87;0.00;492.48;0.00;0.00;0.00;0.00
NOEYYRYH;60;2017-07-30 23:35:01 UTC;0.00;847.10;923.27;0.00;509.46;0.00;0.00;0.00;0.00
NOEYYRYH;60;2017-07-30 23:36:01 UTC;2.07;301.02;892.85;0.00;490.40;0.00;0.00;0.00;0.00
NOEYYRYH;60;2017-07-30 23:37:01 UTC;0.00;848.10;931.30;0.00;509.92;0.00;0.00;0.00;0.00
NOEYYRYH;60;2017-07-30 23:38:01 UTC;0.00;304.02;910.59;0.00;494.91;0.00;0.00;0.00;0.00
NOEYYRYH;60;2017-07-30 23:39:01 UTC;0.00;855.44;907.57;0.00;502.82;0.00;0.00;0.00;0.00
NOEYYRYH;60;2017-07-30 23:40:01 UTC;0.00;297.87;883.72;0.00;488.79;0.00;0.00;0.00;0.00
NOEYYRYH;60;2017-07-30 23:41:01 UTC;0.00;849.21;916.57;0.00;510.67;0.00;0.00;0.00;0.00
NOEYYRYH;60;2017-07-30 23:42:01 UTC;0.00;299.43;901.60;0.00;491.63;0.00;0.00;0.00;0.00
NOEYYRYH;60;2017-07-30 23:43:01 UTC;0.00;849.56;906.99;0.00;508.34;0.00;0.00;0.00;0.00
NOEYYRYH;60;2017-07-30 23:44:01 UTC;0.00;306.07;920.30;0.00;494.50;0.00;0.00;0.00;0.00
NOEYYRYH;60;2017-07-30 23:45:01 UTC;0.00;846.28;928.04;0.00;516.71;0.00;0.00;0.00;0.00
NOEYYRYH;60;2017-07-30 23:46:01 UTC;0.00;300.02;905.15;0.00;488.46;0.00;0.00;0.00;0.00
NOEYYRYH;60;2017-07-30 23:47:01 UTC;0.00;847.76;893.68;0.00;504.17;0.00;0.00;0.00;0.00
NOEYYRYH;60;2017-07-30 23:48:01 UTC;0.00;303.67;925.57;0.00;496.70;0.00;0.00;0.00;0.00
NOEYYRYH;60;2017-07-30 23:49:01 UTC;0.00;855.70;895.06;0.00;503.67;0.00;0.00;0.00;0.00
NOEYYRYH;60;2017-07-30 23:50:01 UTC;0.00;297.18;908.02;0.00;492.13;0.00;0.00;0.00;0.00
NOEYYRYH;60;2017-07-30 23:51:01 UTC;0.00;848.82;930.09;0.00;521.64;0.00;0.00;0.00;0.00
NOEYYRYH;60;2017-07-30 23:52:01 UTC;0.00;298.73;877.20;0.00;481.85;0.00;0.00;0.00;0.00
NOEYYRYH;60;2017-07-30 23:53:01 UTC;0.00;851.70;917.55;0.00;509.06;0.00;0.00;0.00;0.00
NOEYYRYH;60;2017-07-30 23:54:01 UTC;0.00;305.47;891.81;0.00;490.53;0.00;0.00;0.00;0.00
NOEYYRYH;60;2017-07-30 23:55:01 UTC;0.00;846.95;928.96;0.00;510.32;0.00;0.00;0.00;0.00
NOEYYRYH;60;2017-07-30 23:56:01 UTC;0.00;300.08;914.37;0.00;497.23;0.00;0.00;0.00;0.00
NOEYYRYH;60;2017-07-30 23:57:01 UTC;0.00;847.29;894.43;0.00;504.80;0.00;0.00;0.00;0.00
NOEYYRYH;60;2017-07-30 23:58:01 UTC;0.00;304.20;921.13;0.00;494.75;0.00;0.00;0.00;0.00
NOEYYRYH;60;2017-07-30 23:59:01 UTC;0.00;855.14;909.52;0.00;507.25;0.00;0.00;0.00;0.00
NOEYYRYH;60;2017-07-31 00:00:01 UTC;0.00;297.52;924.44;0.00;499.10;0.00;0.00;0.00;0.00
NOEYYRYH;60;2017-07-31 00:01:01 UTC;0.00;849.57;893.56;0.00;504.10;0.00;0.00;0.00;0.00
NOEYYRYH;60;2017-07-31 00:02:01 UTC;2.20;302.22;1039.97;0.00;529.56;0.00;0.00;0.00;0.00
NOEYYRYH;60;2017-07-31 00:03:01 UTC;0.00;851.50;905.87;0.00;508.42;0.00;0.00;0.00;0.00
NOEYYRYH;60;2017-07-31 00:04:01 UTC;0.00;305.62;910.86;0.00;492.90;0.00;0.00;0.00;0.00
NOEYYRYH;60;2017-07-31 00:05:01 UTC;0.00;846.75;921.54;0.00;509.20;0.00;0.00;0.00;0.00
NOEYYRYH;60;2017-07-31 00:06:01 UTC;0.00;298.70;907.17;0.00;495.03;0.00;0.00;0.00;0.00
NOEYYRYH;60;2017-07-31 00:07:01 UTC;0.00;848.75;898.80;0.00;501.72;0.00;0.00;0.00;0.00
NOEYYRYH;60;2017-07-31 00:08:01 UTC;0.00;303.75;909.55;0.00;493.08;0.00;0.00;0.00;0.00
NOEYYRYH;60;2017-07-31 00:09:01 UTC;0.00;855.68;920.44;0.00;508.57;0.00;0.00;0.00;0.00
NOEYYRYH;60;2017-07-31 00:10:01 UTC;0.00;298.30;898.43;0.00;490.68;0.00;0.00;0.00;0.00
NOEYYRYH;60;2017-07-31 00:11:01 UTC;0.00;848.29;908.54;0.00;511.46;0.00;0.00;0.00;0.00
NOEYYRYH;60;2017-07-31 00:12:01 UTC;0.00;299.55;914.61;0.00;493.70;0.00;0.00;0.00;0.00
NOEYYRYH;60;2017-07-31 00:13:01 UTC;0.00;851.83;927.16;0.00;516.89;0.00;0.00;0.00;0.00
NOEYYRYH;60;2017-07-31 00:14:01 UTC;0.00;305.94;893.28;0.00;483.31;0.00;0.00;0.00;0.00
NOEYYRYH;60;2017-07-31 00:15:01 UTC;0.00;847.69;906.19;0.00;506.54;0.00;0.00;0.00;0.00
NOEYYRYH;60;2017-07-31 00:16:01 UTC;0.00;299.30;910.27;0.00;494.46;0.00;0.00;0.00;0.00
NOEYYRYH;60;2017-07-31 00:17:01 UTC;0.00;848.35;905.57;0.00;506.25;0.00;0.00;0.00;0.00
NOEYYRYH;60;2017-07-31 00:18:01 UTC;0.00;303.18;897.88;0.00;491.30;0.00;0.00;0.00;0.00
NOEYYRYH;60;2017-07-31 00:19:01 UTC;0.00;856.70;906.24;0.00;503.10;0.00;0.00;0.00;0.00
NOEYYRYH;60;2017-07-31 00:20:01 UTC;0.00;298.10;926.14;0.00;494.65;0.00;0.00;0.00;0.00
NOEYYRYH;60;2017-07-31 00:21:01 UTC;0.00;848.90;925.13;0.00;513.56;0.00;0.00;0.00;0.00
NOEYYRYH;60;2017-07-31 00:22:01 UTC;0.00;300.32;893.07;0.00;496.92;0.00;0.00;0.00;0.00
NOEYYRYH;60;2017-07-31 00:23:01 UTC;0.00;852.23;921.94;0.00;519.86;0.00;0.00;0.00;0.00
NOEYYRYH;59;2017-07-31 00:24:01 UTC;2388.90;885.17;13690.76;1.25;15742.86;1812.86;97.49;1896.75;99.29
NOEYYRYH;60;2017-07-31 00:25:01 UTC;13963.20;1564.94;909.63;0.02;7340.93;2036.27;0.00;2036.27;100.00
NOEYYRYH;60;2017-07-31 00:26:01 UTC;13394.79;3813.08;987.44;0.00;5832.13;19.22;0.00;19.22;100.00
NOEYYRYH;60;2017-07-31 00:27:01 UTC;27099.48;2697.75;981.13;0.00;6643.33;40.58;0.00;40.58;100.00
NOEYYRYH;60;2017-07-31 00:28:01 UTC;40288.08;2216.88;921.98;1.07;8942.39;7379.84;19.25;7398.25;99.99
NOEYYRYH;60;2017-07-31 00:29:01 UTC;40338.63;1666.51;912.83;0.17;15622.87;9086.59;0.00;9086.59;100.00
NOEYYRYH;60;2017-07-31 00:30:01 UTC;39264.03;2208.25;925.29;0.82;6507.19;5497.31;19.23;5516.54;100.00
NOEYYRYH;60;2017-07-31 00:31:01 UTC;37695.79;2339.51;922.51;0.17;10391.93;9560.43;0.00;9560.43;100.00
NOEYYRYH;60;2017-07-31 00:32:01 UTC;40092.50;2210.86;909.42;1.02;11202.86;10324.48;0.00;10324.48;100.00
NOEYYRYH;60;2017-07-31 00:33:01 UTC;4684.26;2482.96;1469.38;0.08;2249.34;1146.94;0.00;1146.94;100.00
NOEYYRYH;60;2017-07-31 00:34:01 UTC;6.41;308.19;905.00;0.02;681.52;165.47;0.00;165.47;100.00
NOEYYRYH;60;2017-07-31 00:35:01 UTC;0.00;847.09;927.53;0.00;519.13;0.00;0.00;0.00;0.00
NOEYYRYH;60;2017-07-31 00:36:01 UTC;0.00;300.12;897.88;0.00;670.88;181.48;0.00;181.48;100.00
NOEYYRYH;60;2017-07-31 00:37:01 UTC;0.00;849.10;904.92;0.00;595.50;85.39;0.00;85.39;100.00
NOEYYRYH;60;2017-07-31 00:38:01 UTC;2.14;305.02;922.09;0.00;631.89;133.49;0.00;133.49;100.00
NOEYYRYH;60;2017-07-31 00:39:01 UTC;2.07;855.09;913.64;0.00;514.11;0.00;0.00;0.00;0.00
NOEYYRYH;60;2017-07-31 00:40:01 UTC;0.00;299.27;900.65;0.00;710.27;133.42;21.35;154.77;100.00
NOEYYRYH;60;2017-07-31 00:41:01 UTC;0.13;850.04;881.35;0.02;662.59;154.80;0.00;154.80;100.00
NOEYYRYH;60;2017-07-31 00:42:01 UTC;1.60;298.87;944.88;0.00;698.22;80.05;21.35;101.40;100.00
NOEYYRYH;60;2017-07-31 00:43:01 UTC;0.00;851.88;925.57;0.00;509.67;0.00;0.00;0.00;0.00
NOEYYRYH;60;2017-07-31 00:44:01 UTC;0.47;306.50;914.90;0.00;622.47;128.04;0.00;128.04;100.00
NOEYYRYH;60;2017-07-31 00:45:01 UTC;0.00;847.36;913.13;0.00;716.99;208.14;0.00;208.14;100.00
NOEYYRYH;60;2017-07-31 00:46:01 UTC;0.00;299.32;925.97;0.00;558.32;0.00;21.35;21.35;100.00
NOEYYRYH;60;2017-07-31 00:47:01 UTC;0.00;849.36;915.59;0.00;681.49;176.09;0.00;176.09;100.00
NOEYYRYH;60;2017-07-31 00:48:01 UTC;0.00;304.37;910.77;0.00;590.96;98.17;0.00;98.17;100.00
NOEYYRYH;60;2017-07-31 00:49:01 UTC;0.27;856.25;913.51;0.00;652.61;144.12;0.00;144.12;100.00
NOEYYRYH;60;2017-07-31 00:50:01 UTC;0.00;298.02;937.90;0.00;503.23;0.00;0.00;0.00;0.00
NOEYYRYH;60;2017-07-31 00:51:01 UTC;0.07;849.97;886.49;0.00;702.04;201.77;0.00;201.77;100.00
NOEYYRYH;60;2017-07-31 00:52:01 UTC;0.00;299.07;942.09;0.00;497.90;0.00;0.00;0.00;0.00
NOEYYRYH;60;2017-07-31 00:53:01 UTC;0.00;851.90;899.40;0.00;721.48;214.01;0.00;214.01;100.00
NOEYYRYH;60;2017-07-31 00:54:01 UTC;0.07;306.20;940.09;0.00;497.93;0.00;0.00;0.00;0.00
NOEYYRYH;60;2017-07-31 00:55:01 UTC;0.07;848.58;904.09;0.00;800.38;162.30;20.29;182.58;100.00
NOEYYRYH;60;2017-07-31 00:56:01 UTC;0.00;299.40;921.91;0.00;599.18;102.47;0.00;102.47;100.00
NOEYYRYH;60;2017-07-31 00:57:01 UTC;0.00;848.21;932.56;0.00;591.35;72.55;0.00;72.55;100.00
NOEYYRYH;60;2017-07-31 00:58:01 UTC;0.00;304.20;873.93;0.00;638.09;157.97;0.00;157.97;100.00
NOEYYRYH;60;2017-07-31 00:59:01 UTC;40.83;1434.40;1614.05;0.12;1204.15;187.89;0.00;187.89;100.00
NOEYYRYH;60;2017-07-31 01:00:01 UTC;0.00;22.68;809.37;0.00;394.03;0.00;0.00;0.00;0.00
NOEYYRYH;60;2017-07-31 01:01:02 UTC;1.60;1125.27;1034.21;0.02;827.66;217.78;0.00;217.78;100.00
NOEYYRYH;59;2017-07-31 01:02:01 UTC;87.75;25.11;973.72;0.36;521.77;78.18;0.00;78.18;100.00
NOEYYRYH;60;2017-07-31 01:03:01 UTC;112.81;1133.36;1129.34;0.33;2356.79;119.55;0.00;119.55;100.00
NOEYYRYH;60;2017-07-31 01:04:01 UTC;0.13;31.49;811.44;0.00;400.88;0.00;0.00;0.00;0.00
NOEYYRYH;60;2017-07-31 01:05:01 UTC;9.07;1125.83;998.17;0.00;608.49;0.00;0.00;0.00;0.00
NOEYYRYH;60;2017-07-31 01:06:01 UTC;0.00;26.08;782.54;0.00;393.73;0.00;0.00;0.00;0.00
NOEYYRYH;60;2017-07-31 01:07:01 UTC;0.00;1125.03;1030.92;0.00;607.05;0.00;0.00;0.00;0.00
NOEYYRYH;60;2017-07-31 01:08:01 UTC;0.00;27.61;808.37;0.00;398.45;0.00;0.00;0.00;0.00
NOEYYRYH;60;2017-07-31 01:09:01 UTC;0.00;1130.29;1014.76;0.00;605.59;0.00;0.00;0.00;0.00
NOEYYRYH;60;2017-07-31 01:10:01 UTC;0.00;23.95;824.65;0.00;396.68;0.00;0.00;0.00;0.00
NOEYYRYH;60;2017-07-31 01:11:01 UTC;0.07;1124.10;1023.28;0.00;608.42;0.00;0.00;0.00;0.00
NOEYYRYH;60;2017-07-31 01:12:01 UTC;0.00;24.01;795.15;0.00;391.73;0.00;0.00;0.00;0.00
NOEYYRYH;60;2017-07-31 01:13:01 UTC;0.00;1127.58;1001.25;0.00;605.15;0.00;0.00;0.00;0.00
NOEYYRYH;60;2017-07-31 01:14:01 UTC;0.00;30.74;805.29;0.00;393.46;0.00;0.00;0.00;0.00
NOEYYRYH;60;2017-07-31 01:15:01 UTC;0.00;1122.31;1018.26;0.00;608.14;0.00;0.00;0.00;0.00
NOEYYRYH;60;2017-07-31 01:16:01 UTC;0.00;24.28;830.15;0.00;407.00;0.00;0.00;0.00;0.00
NOEYYRYH;60;2017-07-31 01:17:01 UTC;0.00;1123.90;950.44;0.00;591.00;0.00;0.00;0.00;0.00
NOEYYRYH;60;2017-07-31 01:18:01 UTC;0.00;28.68;848.39;0.00;399.83;0.00;0.00;0.00;0.00
NOEYYRYH;60;2017-07-31 01:19:01 UTC;0.00;1130.90;1024.73;0.00;721.36;110.99;0.00;110.99;100.00
NOEYYRYH;60;2017-07-31 01:20:01 UTC;4.20;22.28;787.81;0.07;514.51;123.82;0.00;123.82;100.00
NOEYYRYH;60;2017-07-31 01:21:01 UTC;0.00;1124.25;1032.42;0.00;798.58;183.50;0.00;183.50;100.00
NOEYYRYH;60;2017-07-31 01:22:01 UTC;0.00;24.28;796.98;0.00;392.03;0.00;0.00;0.00;0.00
NOEYYRYH;60;2017-07-31 01:23:01 UTC;0.00;1127.90;1020.61;0.00;802.83;192.10;0.00;192.10;100.00
NOEYYRYH;60;2017-07-31 01:24:01 UTC;0.00;32.22;763.15;0.00;385.54;0.00;0.00;0.00;0.00
NOEYYRYH;60;2017-07-31 01:25:01 UTC;0.00;1124.28;1035.59;0.00;758.19;149.43;0.00;149.43;100.00
NOEYYRYH;60;2017-07-31 01:26:01 UTC;0.00;23.80;829.64;0.00;478.53;76.81;0.00;76.81;100.00
NOEYYRYH;60;2017-07-31 01:27:01 UTC;0.07;1125.67;985.74;0.00;726.71;128.11;0.00;128.11;100.00
NOEYYRYH;60;2017-07-31 01:28:01 UTC;0.00;28.47;808.25;0.00;467.34;72.55;0.00;72.55;100.00
NOEYYRYH;60;2017-07-31 01:29:01 UTC;0.00;1130.43;1015.46;0.00;753.88;145.14;0.00;145.14;100.00
NOEYYRYH;60;2017-07-31 01:30:01 UTC;0.00;22.40;814.29;0.00;471.40;76.81;0.00;76.81;100.00
NOEYYRYH;60;2017-07-31 01:31:01 UTC;0.00;1125.33;986.39;0.00;812.10;205.01;0.00;205.01;100.00
NOEYYRYH;60;2017-07-31 01:32:01 UTC;0.00;23.80;821.19;0.00;395.87;0.00;0.00;0.00;0.00
NOEYYRYH;60;2017-07-31 01:33:01 UTC;0.00;1129.02;1006.04;0.00;746.60;140.89;0.00;140.89;100.00
NOEYYRYH;60;2017-07-31 01:34:01 UTC;0.00;30.88;802.58;0.00;471.41;76.83;0.00;76.83;100.00
NOEYYRYH;60;2017-07-31 01:35:01 UTC;0.00;1124.65;1025.73;0.00;736.51;128.15;0.00;128.15;100.00
NOEYYRYH;60;2017-07-31 01:36:01 UTC;0.00;23.61;814.67;0.00;397.18;0.00;0.00;0.00;0.00
NOEYYRYH;60;2017-07-31 01:37:01 UTC;0.00;1124.22;1001.47;0.00;760.07;153.70;0.00;153.70;100.00
NOEYYRYH;60;2017-07-31 01:38:01 UTC;0.00;27.21;789.61;0.00;393.13;0.00;0.00;0.00;0.00
NOEYYRYH;60;2017-07-31 01:39:01 UTC;0.00;1131.01;1017.86;0.00;689.41;82.20;0.00;82.20;100.00
NOEYYRYH;60;2017-07-31 01:40:01 UTC;0.00;22.35;813.71;0.00;394.75;0.00;0.00;0.00;0.00
NOEYYRYH;60;2017-07-31 01:41:01 UTC;1192.09;1394.82;5518.53;0.40;3226.58;519.89;0.00;519.89;100.00
NOEYYRYH;60;2017-07-31 01:42:01 UTC;0.00;23.22;818.21;0.00;405.50;0.00;0.00;0.00;0.00
NOEYYRYH;60;2017-07-31 01:43:01 UTC;0.07;1128.64;999.83;0.00;605.62;0.00;0.00;0.00;0.00
NOEYYRYH;60;2017-07-31 01:44:01 UTC;0.00;30.75;815.74;0.00;395.40;0.00;0.00;0.00;0.00
NOEYYRYH;60;2017-07-31 01:45:01 UTC;0.00;1123.94;1003.65;0.00;603.52;0.00;0.00;0.00;0.00
NOEYYRYH;60;2017-07-31 01:46:01 UTC;0.00;24.15;812.57;0.00;480.37;82.17;0.00;82.17;100.00
NOEYYRYH;60;2017-07-31 01:47:01 UTC;0.00;1123.92;1013.97;0.00;688.28;82.15;0.00;82.15;100.00
NOEYYRYH;60;2017-07-31 01:48:01 UTC;0.00;26.74;823.70;0.00;398.48;0.00;0.00;0.00;0.00
NOEYYRYH;60;2017-07-31 01:49:01 UTC;0.00;1131.22;993.21;0.00;683.11;82.19;0.00;82.19;100.00
NOEYYRYH;60;2017-07-31 01:50:01 UTC;0.00;22.21;792.68;0.00;392.30;0.00;0.00;0.00;0.00
NOEYYRYH;60;2017-07-31 01:51:01 UTC;0.00;1125.79;1032.72;0.00;610.29;0.00;0.00;0.00;0.00
NOEYYRYH;60;2017-07-31 01:52:01 UTC;0.00;23.08;804.65;0.00;394.36;0.00;0.00;0.00;0.00
NOEYYRYH;60;2017-07-31 01:53:01 UTC;0.00;1126.24;1024.99;0.00;716.81;100.83;0.00;100.83;100.00
NOEYYRYH;60;2017-07-31 01:54:01 UTC;0.00;32.01;790.47;0.00;383.98;0.00;0.00;0.00;0.00
NOEYYRYH;60;2017-07-31 01:55:01 UTC;0.07;1123.91;1020.66;0.00;607.39;0.00;0.00;0.00;0.00
NOEYYRYH;60;2017-07-31 01:56:01 UTC;0.00;22.82;796.36;0.00;536.26;141.96;0.00;141.96;100.00
NOEYYRYH;60;2017-07-31 01:57:02 UTC;0.00;1124.83;1028.26;0.00;609.14;0.00;0.00;0.00;0.00
NOEYYRYH;59;2017-07-31 01:58:01 UTC;0.00;27.06;805.51;0.00;395.39;0.00;0.00;0.00;0.00
NOEYYRYH;60;2017-07-31 01:59:01 UTC;0.00;1130.74;996.93;0.00;605.35;0.00;0.00;0.00;0.00
NOEYYRYH;60;2017-07-31 02:00:01 UTC;0.00;21.62;808.41;0.00;532.86;138.25;0.00;138.25;100.00
NOEYYRYH;60;2017-07-31 02:01:01 UTC;0.00;1125.59;1053.61;0.00;615.77;0.00;0.00;0.00;0.00
NOEYYRYH;60;2017-07-31 02:02:01 UTC;0.00;25.48;871.40;0.00;418.88;0.00;0.00;0.00;0.00
NOEYYRYH;60;2017-07-31 02:03:01 UTC;0.00;1126.95;1026.03;0.00;701.97;82.19;0.00;82.19;100.00
NOEYYRYH;60;2017-07-31 02:04:01 UTC;0.00;31.22;798.75;0.00;391.89;0.00;0.00;0.00;0.00
NOEYYRYH;60;2017-07-31 02:05:01 UTC;0.00;1123.64;1015.64;0.00;774.24;141.91;0.00;141.91;100.00
NOEYYRYH;60;2017-07-31 02:06:01 UTC;0.00;22.21;790.68;0.00;394.61;0.00;0.00;0.00;0.00
NOEYYRYH;60;2017-07-31 02:07:01 UTC;0.00;1123.97;1048.78;0.00;653.15;0.00;0.00;0.00;0.00
NOEYYRYH;60;2017-07-31 02:08:01 UTC;0.00;28.88;776.18;0.00;383.29;0.00;0.00;0.00;0.00
NOEYYRYH;60;2017-07-31 02:09:01 UTC;0.07;1128.32;1032.07;0.00;605.85;0.00;0.00;0.00;0.00
NOEYYRYH;60;2017-07-31 02:10:01 UTC;0.00;22.14;792.98;0.00;531.28;138.20;0.00;138.20;100.00
NOEYYRYH;60;2017-07-31 02:11:01 UTC;0.00;1123.19;1016.72;0.00;606.73;0.00;0.00;0.00;0.00
NOEYYRYH;60;2017-07-31 02:12:01 UTC;0.00;21.88;811.62;0.00;395.55;0.00;0.00;0.00;0.00
NOEYYRYH;60;2017-07-31 02:13:01 UTC;0.00;1128.78;999.78;0.00;685.28;82.16;0.00;82.16;100.00
NOEYYRYH;60;2017-07-31 02:14:01 UTC;0.00;29.61;807.32;0.00;394.38;0.00;0.00;0.00;0.00
NOEYYRYH;60;2017-07-31 02:15:01 UTC;0.00;1123.75;1017.06;0.00;737.56;130.75;0.00;130.75;100.00
NOEYYRYH;60;2017-07-31 02:16:01 UTC;0.00;23.81;777.44;0.00;392.48;0.00;0.00;0.00;0.00
NOEYYRYH;60;2017-07-31 02:17:01 UTC;0.00;1123.72;1035.72;0.00;610.12;0.00;0.00;0.00;0.00
NOEYYRYH;60;2017-07-31 02:18:01 UTC;0.00;26.75;817.44;0.00;396.30;0.00;0.00;0.00;0.00
NOEYYRYH;60;2017-07-31 02:19:01 UTC;0.00;1131.10;1007.25;0.00;694.13;89.64;0.00;89.64;100.00
NOEYYRYH;60;2017-07-31 02:20:01 UTC;0.00;23.07;796.58;0.00;393.27;0.00;0.00;0.00;0.00
NOEYYRYH;60;2017-07-31 02:21:01 UTC;0.07;1123.24;1021.22;0.00;606.40;0.00;0.00;0.00;0.00
NOEYYRYH;60;2017-07-31 02:22:01 UTC;0.00;22.81;805.90;0.00;525.34;130.71;0.00;130.71;100.00
NOEYYRYH;60;2017-07-31 02:23:01 UTC;0.00;1128.90;996.38;0.00;605.69;0.00;0.00;0.00;0.00
NOEYYRYH;60;2017-07-31 02:24:01 UTC;0.00;30.95;823.21;0.00;395.85;0.00;0.00;0.00;0.00
NOEYYRYH;60;2017-07-31 02:25:01 UTC;0.00;1124.40;1013.69;0.00;690.06;82.20;0.00;82.20;100.00
NOEYYRYH;60;2017-07-31 02:26:01 UTC;0.00;24.74;795.20;0.00;444.97;0.00;0.00;0.00;0.00
NOEYYRYH;60;2017-07-31 02:27:01 UTC;0.00;1122.23;1006.55;0.00;606.60;0.00;0.00;0.00;0.00
NOEYYRYH;60;2017-07-31 02:28:01 UTC;0.00;30.75;842.15;0.00;537.45;134.47;0.00;134.47;100.00
NOEYYRYH;60;2017-07-31 02:29:01 UTC;0.00;1128.34;989.57;0.00;598.02;0.00;0.00;0.00;0.00
NOEYYRYH;60;2017-07-31 02:30:01 UTC;0.00;23.93;793.60;0.00;392.93;0.00;0.00;0.00;0.00
NOEYYRYH;60;2017-07-31 02:31:01 UTC;0.00;1124.66;1035.57;0.00;707.36;85.95;0.00;85.95;100.00
NOEYYRYH;60;2017-07-31 02:32:01 UTC;0.00;21.96;793.34;0.00;391.39;0.00;0.00;0.00;0.00
NOEYYRYH;60;2017-07-31 02:33:01 UTC;0.00;1128.44;1003.75;0.00;603.23;0.00;0.00;0.00;0.00
NOEYYRYH;60;2017-07-31 02:34:01 UTC;0.00;29.62;818.13;0.00;478.09;82.19;0.00;82.19;100.00
NOEYYRYH;60;2017-07-31 02:35:01 UTC;0.07;1124.22;1009.47;0.00;603.85;0.00;0.00;0.00;0.00
NOEYYRYH;60;2017-07-31 02:36:01 UTC;0.00;22.87;808.08;0.00;479.36;82.15;0.00;82.15;100.00
NOEYYRYH;60;2017-07-31 02:37:01 UTC;0.00;1123.47;1027.21;0.00;610.08;0.00;0.00;0.00;0.00
NOEYYRYH;60;2017-07-31 02:38:01 UTC;0.00;29.28;797.23;0.00;473.89;82.16;0.00;82.16;100.00
NOEYYRYH;60;2017-07-31 02:39:01 UTC;0.00;1129.43;1005.57;0.00;687.84;82.17;0.00;82.17;100.00
NOEYYRYH;60;2017-07-31 02:40:01 UTC;0.00;22.41;804.83;0.00;393.95;0.00;0.00;0.00;0.00
NOEYYRYH;60;2017-07-31 02:41:01 UTC;0.00;1123.85;1036.16;0.00;619.39;0.00;0.00;0.00;0.00
NOEYYRYH;60;2017-07-31 02:42:01 UTC;0.00;21.48;809.21;0.00;394.76;0.00;0.00;0.00;0.00
NOEYYRYH;60;2017-07-31 02:43:01 UTC;0.07;1128.91;990.45;0.00;699.22;104.57;0.00;104.57;100.00
NOEYYRYH;60;2017-07-31 02:44:01 UTC;0.00;29.02;783.42;0.00;391.46;0.00;0.00;0.00;0.00
NOEYYRYH;60;2017-07-31 02:45:01 UTC;0.00;1123.92;1039.79;0.00;633.36;0.00;0.00;0.00;0.00
NOEYYRYH;60;2017-07-31 02:46:01 UTC;0.00;25.01;808.60;0.00;485.29;82.17;0.00;82.17;100.00
NOEYYRYH;60;2017-07-31 02:47:01 UTC;0.00;1123.67;1025.30;0.00;688.29;82.20;0.00;82.20;100.00
NOEYYRYH;60;2017-07-31 02:48:01 UTC;0.00;29.07;808.48;0.00;393.75;0.00;0.00;0.00;0.00
NOEYYRYH;60;2017-07-31 02:49:01 UTC;0.00;1129.49;998.72;0.00;686.82;82.19;0.00;82.19;100.00
NOEYYRYH;60;2017-07-31 02:50:01 UTC;0.00;23.14;812.55;0.00;395.33;0.00;0.00;0.00;0.00
NOEYYRYH;60;2017-07-31 02:51:01 UTC;0.00;1123.16;1036.28;0.00;618.88;0.00;0.00;0.00;0.00
NOEYYRYH;60;2017-07-31 02:52:01 UTC;0.00;21.88;792.93;0.00;469.05;82.17;0.00;82.17;100.00
NOEYYRYH;60;2017-07-31 02:53:01 UTC;0.00;1128.23;1005.44;0.00;600.05;0.00;0.00;0.00;0.00
NOEYYRYH;60;2017-07-31 02:54:01 UTC;0.00;29.81;815.49;0.00;396.00;0.00;0.00;0.00;0.00
NOEYYRYH;60;2017-07-31 02:55:01 UTC;0.07;1124.88;980.12;0.00;709.67;108.34;0.00;108.34;100.00
NOEYYRYH;60;2017-07-31 02:56:02 UTC;0.00;23.81;851.82;0.00;408.89;0.00;0.00;0.00;0.00
NOEYYRYH;59;2017-07-31 02:57:01 UTC;0.00;1141.39;995.32;0.00;687.77;83.57;0.00;83.57;100.00
NOEYYRYH;60;2017-07-31 02:58:01 UTC;0.00;29.54;820.92;0.00;395.05;0.00;0.00;0.00;0.00
NOEYYRYH;60;2017-07-31 02:59:01 UTC;0.00;1128.16;1020.49;0.00;607.92;0.00;0.00;0.00;0.00
NOEYYRYH;60;2017-07-31 03:00:01 UTC;0.00;23.54;815.24;0.00;472.36;70.42;0.00;70.42;100.00
NOEYYRYH;60;2017-07-31 03:01:01 UTC;0.00;1124.99;1008.72;0.00;608.12;0.00;0.00;0.00;0.00
NOEYYRYH;60;2017-07-31 03:02:01 UTC;0.00;25.21;897.90;0.00;492.58;70.44;0.00;70.44;100.00
NOEYYRYH;60;2017-07-31 03:03:01 UTC;0.00;1129.23;1012.01;0.00;607.77;0.00;0.00;0.00;0.00
NOEYYRYH;60;2017-07-31 03:04:01 UTC;0.00;29.87;810.29;0.00;464.64;70.41;0.00;70.41;100.00
NOEYYRYH;60;2017-07-31 03:05:01 UTC;0.00;1124.22;1008.21;0.00;678.12;71.51;0.00;71.51;100.00
NOEYYRYH;60;2017-07-31 03:06:01 UTC;0.00;23.67;816.17;0.00;398.27;0.00;0.00;0.00;0.00
NOEYYRYH;60;2017-07-31 03:07:01 UTC;0.00;1123.51;998.63;0.00;604.17;0.00;0.00;0.00;0.00
NOEYYRYH;60;2017-07-31 03:08:01 UTC;0.00;29.00;813.92;0.00;467.26;70.95;0.00;70.95;100.00
NOEYYRYH;60;2017-07-31 03:09:01 UTC;0.07;1127.84;1024.87;0.00;611.27;0.00;0.00;0.00;0.00
NOEYYRYH;60;2017-07-31 03:10:01 UTC;0.00;24.55;750.78;0.00;452.15;70.45;0.00;70.45;100.00
NOEYYRYH;60;2017-07-31 03:11:01 UTC;0.00;1124.12;1066.63;0.00;618.07;0.00;0.00;0.00;0.00
NOEYYRYH;60;2017-07-31 03:12:01 UTC;0.00;21.82;790.66;0.00;461.15;70.99;0.00;70.99;100.00
NOEYYRYH;60;2017-07-31 03:13:01 UTC;0.00;1129.02;990.09;0.00;725.63;95.53;0.00;95.53;100.00
NOEYYRYH;60;2017-07-31 03:14:01 UTC;0.00;29.42;797.11;0.00;392.31;0.00;0.00;0.00;0.00
NOEYYRYH;60;2017-07-31 03:15:01 UTC;0.00;1123.55;1027.33;0.00;607.84;0.00;0.00;0.00;0.00
NOEYYRYH;60;2017-07-31 03:16:01 UTC;0.00;25.28;843.26;0.00;473.66;70.42;0.00;70.42;100.00
NOEYYRYH;60;2017-07-31 03:17:01 UTC;0.00;1122.09;990.50;0.00;602.07;0.00;0.00;0.00;0.00
NOEYYRYH;60;2017-07-31 03:18:01 UTC;0.00;30.09;813.61;0.00;466.91;70.45;0.00;70.45;100.00
NOEYYRYH;60;2017-07-31 03:19:01 UTC;0.00;1128.93;1005.87;0.00;603.57;0.00;0.00;0.00;0.00
NOEYYRYH;60;2017-07-31 03:20:01 UTC;0.00;24.21;827.40;0.00;474.99;70.44;0.00;70.44;100.00
NOEYYRYH;60;2017-07-31 03:21:01 UTC;0.00;1123.86;994.93;0.00;677.69;77.94;0.00;77.94;100.00
NOEYYRYH;60;2017-07-31 03:22:01 UTC;0.00;23.68;794.15;0.00;393.20;0.00;0.00;0.00;0.00
NOEYYRYH;60;2017-07-31 03:23:01 UTC;0.00;1130.74;1013.38;0.00;604.40;0.00;0.00;0.00;0.00
NOEYYRYH;60;2017-07-31 03:24:01 UTC;0.00;29.94;817.06;0.00;477.08;81.09;0.00;81.09;100.00
NOEYYRYH;60;2017-07-31 03:25:01 UTC;0.07;1125.08;1009.42;0.00;607.00;0.00;0.00;0.00;0.00
NOEYYRYH;60;2017-07-31 03:26:01 UTC;0.00;24.08;808.84;0.00;397.28;0.00;0.00;0.00;0.00
NOEYYRYH;60;2017-07-31 03:27:01 UTC;0.00;1123.36;1002.78;0.00;713.22;108.32;0.00;108.32;100.00
NOEYYRYH;60;2017-07-31 03:28:01 UTC;0.00;29.14;797.00;0.00;392.77;0.00;0.00;0.00;0.00
NOEYYRYH;60;2017-07-31 03:29:01 UTC;0.00;1129.87;1013.03;0.00;630.39;0.00;0.00;0.00;0.00
NOEYYRYH;60;2017-07-31 03:30:01 UTC;0.00;22.41;817.54;0.00;553.00;156.85;0.00;156.85;100.00
NOEYYRYH;60;2017-07-31 03:31:01 UTC;0.00;1123.63;1027.45;0.00;619.43;0.00;0.00;0.00;0.00
NOEYYRYH;60;2017-07-31 03:32:01 UTC;0.00;23.28;797.72;0.00;391.73;0.00;0.00;0.00;0.00
NOEYYRYH;60;2017-07-31 03:33:01 UTC;0.00;1127.23;1009.80;0.00;602.40;0.00;0.00;0.00;0.00
NOEYYRYH;60;2017-07-31 03:34:01 UTC;0.00;31.36;798.45;0.00;483.59;89.67;0.00;89.67;100.00
NOEYYRYH;60;2017-07-31 03:35:01 UTC;0.00;1122.51;1013.57;0.00;607.85;0.00;0.00;0.00;0.00
NOEYYRYH;60;2017-07-31 03:36:01 UTC;0.00;22.94;836.85;0.00;487.58;80.04;0.00;80.04;100.00
NOEYYRYH;60;2017-07-31 03:37:01 UTC;0.00;1124.67;989.59;0.00;597.46;0.00;0.00;0.00;0.00
NOEYYRYH;60;2017-07-31 03:38:01 UTC;0.00;28.34;813.42;0.00;395.70;0.00;0.00;0.00;0.00
NOEYYRYH;60;2017-07-31 03:39:01 UTC;0.07;1129.29;1021.33;0.00;714.61;109.41;0.00;109.41;100.00
NOEYYRYH;60;2017-07-31 03:40:01 UTC;0.00;23.14;786.56;0.00;390.53;0.00;0.00;0.00;0.00
NOEYYRYH;60;2017-07-31 03:41:01 UTC;0.00;1123.91;1011.27;0.00;608.25;0.00;0.00;0.00;0.00
NOEYYRYH;60;2017-07-31 03:42:01 UTC;0.00;21.15;817.26;0.00;476.23;80.05;0.00;80.05;100.00
NOEYYRYH;60;2017-07-31 03:43:01 UTC;0.00;1131.01;1019.63;0.00;608.06;0.00;0.00;0.00;0.00
NOEYYRYH;60;2017-07-31 03:44:01 UTC;0.00;30.54;796.07;0.00;467.76;77.36;0.00;77.36;100.00
NOEYYRYH;60;2017-07-31 03:45:01 UTC;0.00;1123.82;996.71;0.00;604.42;0.00;0.00;0.00;0.00
NOEYYRYH;60;2017-07-31 03:46:01 UTC;0.00;23.62;825.00;0.00;481.69;80.05;0.00;80.05;100.00
NOEYYRYH;60;2017-07-31 03:47:01 UTC;0.07;1122.41;999.23;0.00;685.24;81.65;0.00;81.65;100.00
NOEYYRYH;60;2017-07-31 03:48:01 UTC;0.00;29.61;816.77;0.00;395.03;0.00;0.00;0.00;0.00
NOEYYRYH;60;2017-07-31 03:49:01 UTC;0.00;1131.00;1008.81;0.00;606.57;0.00;0.00;0.00;0.00
NOEYYRYH;60;2017-07-31 03:50:01 UTC;0.00;21.34;827.41;0.00;483.43;78.43;0.00;78.43;100.00
NOEYYRYH;60;2017-07-31 03:51:02 UTC;0.00;1125.95;993.53;0.00;598.58;0.00;0.00;0.00;0.00
NOEYYRYH;59;2017-07-31 03:52:01 UTC;0.00;23.60;840.79;0.00;411.44;0.00;0.00;0.00;0.00
NOEYYRYH;60;2017-07-31 03:53:01 UTC;0.00;1128.02;1007.67;0.00;709.09;111.01;0.00;111.01;100.00
NOEYYRYH;60;2017-07-31 03:54:01 UTC;0.00;30.55;796.31;0.00;390.09;0.00;0.00;0.00;0.00
NOEYYRYH;60;2017-07-31 03:55:01 UTC;0.00;1122.84;995.12;0.00;761.65;156.85;0.00;156.85;100.00
NOEYYRYH;60;2017-07-31 03:56:01 UTC;0.00;24.07;807.79;0.00;396.12;0.00;0.00;0.00;0.00
NOEYYRYH;60;2017-07-31 03:57:01 UTC;0.00;1123.50;1010.09;0.00;606.15;0.00;0.00;0.00;0.00
NOEYYRYH;60;2017-07-31 03:58:01 UTC;0.00;29.21;832.62;0.00;398.77;0.00;0.00;0.00;0.00
NOEYYRYH;60;2017-07-31 03:59:01 UTC;0.00;1129.78;992.41;0.00;601.53;0.00;0.00;0.00;0.00
NOEYYRYH;60;2017-07-31 04:00:01 UTC;0.00;22.81;815.59;0.00;490.65;92.85;0.00;92.85;100.00
NOEYYRYH;60;2017-07-31 04:01:01 UTC;0.07;1126.44;1031.16;0.00;609.59;0.00;0.00;0.00;0.00
NOEYYRYH;60;2017-07-31 04:02:01 UTC;0.00;24.55;872.40;0.00;497.37;77.37;0.00;77.37;100.00
NOEYYRYH;60;2017-07-31 04:03:01 UTC;0.00;1128.35;1018.43;0.00;641.49;0.00;0.00;0.00;0.00
NOEYYRYH;60;2017-07-31 04:04:01 UTC;0.00;30.08;804.70;0.00;394.55;0.00;0.00;0.00;0.00
NOEYYRYH;60;2017-07-31 04:05:01 UTC;0.00;1123.62;1024.72;0.00;753.07;101.40;0.00;101.40;100.00
NOEYYRYH;60;2017-07-31 04:06:01 UTC;0.00;24.55;806.86;0.00;397.25;0.00;0.00;0.00;0.00
NOEYYRYH;60;2017-07-31 04:07:01 UTC;0.00;1124.50;986.78;0.00;611.56;0.00;0.00;0.00;0.00
NOEYYRYH;60;2017-07-31 04:08:01 UTC;0.00;27.80;854.71;0.00;545.24;136.02;0.00;136.02;100.00
NOEYYRYH;60;2017-07-31 04:09:01 UTC;0.00;1130.01;1002.85;0.00;598.82;0.00;0.00;0.00;0.00
NOEYYRYH;60;2017-07-31 04:10:01 UTC;0.00;23.14;798.70;0.00;391.10;0.00;0.00;0.00;0.00
NOEYYRYH;60;2017-07-31 04:11:01 UTC;0.00;1125.80;1016.35;0.00;690.28;80.07;0.00;80.07;100.00
NOEYYRYH;60;2017-07-31 04:12:01 UTC;0.00;22.42;815.08;0.00;396.66;0.00;0.00;0.00;0.00
NOEYYRYH;60;2017-07-31 04:13:01 UTC;0.00;1128.52;994.42;0.00;738.41;136.02;0.00;136.02;100.00
NOEYYRYH;60;2017-07-31 04:14:01 UTC;0.00;30.75;810.91;0.00;394.26;0.00;0.00;0.00;0.00
NOEYYRYH;60;2017-07-31 04:15:01 UTC;0.00;1122.40;1020.38;0.00;609.06;0.00;0.00;0.00;0.00
NOEYYRYH;60;2017-07-31 04:16:01 UTC;0.00;24.81;800.62;0.00;395.87;0.00;0.00;0.00;0.00
NOEYYRYH;60;2017-07-31 04:17:01 UTC;0.07;1124.50;1008.59;0.00;687.51;80.04;0.00;80.04;100.00
NOEYYRYH;60;2017-07-31 04:18:01 UTC;0.00;27.55;808.62;0.00;395.18;0.00;0.00;0.00;0.00
NOEYYRYH;60;2017-07-31 04:19:01 UTC;0.00;1131.40;998.78;0.00;597.81;0.00;0.00;0.00;0.00
NOEYYRYH;60;2017-07-31 04:20:01 UTC;0.00;23.07;837.95;0.00;542.95;136.05;0.00;136.05;100.00
NOEYYRYH;60;2017-07-31 04:21:01 UTC;0.00;1126.03;998.73;0.00;598.65;0.00;0.00;0.00;0.00
NOEYYRYH;60;2017-07-31 04:22:01 UTC;0.00;23.62;806.66;0.00;394.80;0.00;0.00;0.00;0.00
NOEYYRYH;60;2017-07-31 04:23:01 UTC;0.00;1127.34;1017.31;0.00;685.55;82.74;0.00;82.74;100.00
NOEYYRYH;60;2017-07-31 04:24:01 UTC;0.00;32.28;809.24;0.00;395.61;0.00;0.00;0.00;0.00
NOEYYRYH;60;2017-07-31 04:25:01 UTC;0.00;1124.34;998.38;0.00;603.90;0.00;0.00;0.00;0.00
NOEYYRYH;60;2017-07-31 04:26:01 UTC;0.00;24.28;808.90;0.00;530.48;128.06;0.00;128.06;100.00
NOEYYRYH;60;2017-07-31 04:27:01 UTC;0.00;1124.31;1044.56;0.00;610.39;0.00;0.00;0.00;0.00
NOEYYRYH;60;2017-07-31 04:28:01 UTC;0.00;28.81;796.33;0.00;391.96;0.00;0.00;0.00;0.00
NOEYYRYH;60;2017-07-31 04:29:01 UTC;0.00;1131.02;1024.92;0.00;705.04;90.73;0.00;90.73;100.00
NOEYYRYH;60;2017-07-31 04:30:01 UTC;0.00;21.55;781.72;0.00;385.64;0.00;0.00;0.00;0.00
NOEYYRYH;60;2017-07-31 04:31:01 UTC;0.00;1126.15;1012.22;0.00;609.26;0.00;0.00;0.00;0.00
NOEYYRYH;60;2017-07-31 04:32:01 UTC;0.00;22.61;817.39;0.00;535.03;138.71;0.00;138.71;100.00
NOEYYRYH;60;2017-07-31 04:33:01 UTC;0.00;1129.02;1006.00;0.00;605.67;0.00;0.00;0.00;0.00
NOEYYRYH;60;2017-07-31 04:34:01 UTC;0.00;31.28;811.64;0.00;395.01;0.00;0.00;0.00;0.00
NOEYYRYH;60;2017-07-31 04:35:01 UTC;0.00;1123.82;1020.93;0.00;703.37;74.72;0.00;74.72;100.00
NOEYYRYH;60;2017-07-31 04:36:01 UTC;0.00;24.01;770.34;0.00;389.86;0.00;0.00;0.00;0.00
NOEYYRYH;60;2017-07-31 04:37:01 UTC;0.00;1123.97;1050.47;0.00;691.78;80.03;0.00;80.03;100.00
NOEYYRYH;60;2017-07-31 04:38:01 UTC;0.00;28.14;772.05;0.00;388.46;0.00;0.00;0.00;0.00
NOEYYRYH;60;2017-07-31 04:39:01 UTC;0.00;1132.08;1036.70;0.00;684.20;77.40;0.00;77.40;100.00
NOEYYRYH;60;2017-07-31 04:40:01 UTC;0.00;21.81;807.62;0.00;394.40;0.00;0.00;0.00;0.00
NOEYYRYH;60;2017-07-31 04:41:01 UTC;0.07;1124.76;1003.90;0.00;603.99;0.00;0.00;0.00;0.00
NOEYYRYH;60;2017-07-31 04:42:01 UTC;0.00;23.69;810.94;0.00;473.18;77.40;0.00;77.40;100.00
NOEYYRYH;60;2017-07-31 04:43:01 UTC;0.00;1128.30;1018.73;0.00;608.17;0.00;0.00;0.00;0.00
NOEYYRYH;60;2017-07-31 04:44:01 UTC;0.00;31.28;802.67;0.00;470.26;77.36;0.00;77.36;100.00
NOEYYRYH;60;2017-07-31 04:45:01 UTC;0.00;1123.16;1003.52;0.00;681.19;77.37;0.00;77.37;100.00
NOEYYRYH;60;2017-07-31 04:46:01 UTC;0.00;22.61;818.24;0.00;399.02;0.00;0.00;0.00;0.00
NOEYYRYH;60;2017-07-31 04:47:01 UTC;0.00;1124.30;999.00;0.00;603.50;0.00;0.00;0.00;0.00
NOEYYRYH;60;2017-07-31 04:48:01 UTC;0.00;26.61;805.75;0.00;394.50;0.00;0.00;0.00;0.00
NOEYYRYH;60;2017-07-31 04:49:02 UTC;0.00;1130.22;1034.39;0.00;714.78;104.07;0.00;104.07;100.00
NOEYYRYH;59;2017-07-31 04:50:01 UTC;0.00;23.26;798.54;0.00;392.96;0.00;0.00;0.00;0.00
NOEYYRYH;60;2017-07-31 04:51:01 UTC;0.00;1122.43;1002.95;0.00;605.42;0.00;0.00;0.00;0.00
NOEYYRYH;60;2017-07-31 04:52:01 UTC;0.00;22.82;810.27;0.00;521.16;125.42;0.00;125.42;100.00
NOEYYRYH;60;2017-07-31 04:53:01 UTC;0.00;1128.83;1026.15;0.00;615.22;0.00;0.00;0.00;0.00
NOEYYRYH;60;2017-07-31 04:54:01 UTC;0.00;29.81;782.01;0.00;383.93;0.00;0.00;0.00;0.00
NOEYYRYH;60;2017-07-31 04:55:01 UTC;0.00;1124.27;1009.24;0.00;720.08;96.08;0.00;96.08;100.00
NOEYYRYH;60;2017-07-31 04:56:01 UTC;0.00;22.88;813.06;0.00;397.60;0.00;0.00;0.00;0.00
NOEYYRYH;60;2017-07-31 04:57:01 UTC;0.07;1123.15;1018.65;0.00;649.37;0.00;0.00;0.00;0.00
NOEYYRYH;60;2017-07-31 04:58:01 UTC;0.00;28.68;791.53;0.00;471.92;80.04;0.00;80.04;100.00
NOEYYRYH;60;2017-07-31 04:59:01 UTC;0.00;1130.81;1015.48;0.00;648.47;0.00;0.00;0.00;0.00
NOEYYRYH;60;2017-07-31 05:00:01 UTC;0.00;22.41;824.76;0.00;474.84;77.36;0.00;77.36;100.00
NOEYYRYH;60;2017-07-31 05:01:01 UTC;0.00;1124.22;1025.65;0.00;688.48;77.38;0.00;77.38;100.00
NOEYYRYH;60;2017-07-31 05:02:01 UTC;0.00;25.08;892.61;0.00;420.34;0.00;0.00;0.00;0.00
NOEYYRYH;60;2017-07-31 05:03:01 UTC;0.00;1127.35;1029.87;0.00;691.08;77.38;0.00;77.38;100.00
NOEYYRYH;60;2017-07-31 05:04:01 UTC;0.00;30.08;791.45;0.00;386.84;0.00;0.00;0.00;0.00
NOEYYRYH;60;2017-07-31 05:05:01 UTC;0.00;1124.31;1021.02;0.00;607.24;0.00;0.00;0.00;0.00
NOEYYRYH;60;2017-07-31 05:06:01 UTC;0.00;21.74;782.91;0.00;470.10;77.37;0.00;77.37;100.00
NOEYYRYH;60;2017-07-31 05:07:01 UTC;0.00;1124.62;1034.67;0.00;609.17;0.00;0.00;0.00;0.00
NOEYYRYH;60;2017-07-31 05:08:01 UTC;0.00;30.21;801.22;0.00;470.85;77.35;0.00;77.35;100.00
NOEYYRYH;60;2017-07-31 05:09:01 UTC;0.00;1129.20;986.94;0.00;598.08;0.00;0.00;0.00;0.00
NOEYYRYH;60;2017-07-31 05:10:01 UTC;0.00;22.54;815.20;0.00;396.87;0.00;0.00;0.00;0.00
NOEYYRYH;60;2017-07-31 05:11:01 UTC;0.07;1124.82;1016.89;0.00;752.25;112.07;0.00;112.07;100.00
NOEYYRYH;60;2017-07-31 05:12:01 UTC;0.00;22.47;817.44;0.00;395.00;0.00;0.00;0.00;0.00
NOEYYRYH;60;2017-07-31 05:13:01 UTC;0.00;1129.05;1024.55;0.00;617.22;0.00;0.00;0.00;0.00
NOEYYRYH;60;2017-07-31 05:14:01 UTC;0.00;30.82;785.48;0.00;542.70;125.40;0.00;125.40;100.00
NOEYYRYH;60;2017-07-31 05:15:01 UTC;0.00;1123.76;1016.22;0.00;605.82;0.00;0.00;0.00;0.00
NOEYYRYH;60;2017-07-31 05:16:01 UTC;0.00;22.29;827.39;0.00;418.27;0.00;0.00;0.00;0.00
NOEYYRYH;60;2017-07-31 05:17:01 UTC;0.00;1124.43;993.55;0.00;691.76;93.38;0.00;93.38;100.00
NOEYYRYH;60;2017-07-31 05:18:01 UTC;0.00;28.01;798.17;0.00;393.83;0.00;0.00;0.00;0.00
NOEYYRYH;60;2017-07-31 05:19:01 UTC;0.00;1130.59;1013.25;0.00;736.33;130.82;0.00;130.82;100.00
NOEYYRYH;60;2017-07-31 05:20:01 UTC;0.00;24.01;802.92;0.00;394.85;0.00;0.00;0.00;0.00
NOEYYRYH;60;2017-07-31 05:21:01 UTC;0.00;1123.23;1028.73;0.00;621.38;0.00;0.00;0.00;0.00
NOEYYRYH;60;2017-07-31 05:22:01 UTC;0.00;22.61;793.61;0.00;389.58;0.00;0.00;0.00;0.00
NOEYYRYH;60;2017-07-31 05:23:01 UTC;0.00;1129.14;1019.50;0.00;684.20;74.73;0.00;74.73;100.00
NOEYYRYH;60;2017-07-31 05:24:01 UTC;0.00;31.62;794.73;0.00;392.76;0.00;0.00;0.00;0.00
NOEYYRYH;60;2017-07-31 05:25:01 UTC;0.00;1123.97;1027.88;0.00;684.49;74.69;0.00;74.69;100.00
NOEYYRYH;60;2017-07-31 05:26:01 UTC;0.00;24.15;796.95;0.00;394.01;0.00;0.00;0.00;0.00
NOEYYRYH;60;2017-07-31 05:27:01 UTC;2.20;1122.97;980.64;0.00;713.50;112.04;0.00;112.04;100.00
NOEYYRYH;60;2017-07-31 05:28:01 UTC;0.00;29.34;835.93;0.00;397.88;0.00;0.00;0.00;0.00
NOEYYRYH;60;2017-07-31 05:29:01 UTC;0.00;1130.79;1015.55;0.00;682.40;74.68;0.00;74.68;100.00
NOEYYRYH;60;2017-07-31 05:30:01 UTC;0.00;22.15;813.58;0.00;395.38;0.00;0.00;0.00;0.00
NOEYYRYH;60;2017-07-31 05:31:01 UTC;0.00;1123.64;989.31;0.00;604.43;0.00;0.00;0.00;0.00
NOEYYRYH;60;2017-07-31 05:32:01 UTC;0.00;23.48;806.90;0.00;394.70;0.00;0.00;0.00;0.00
NOEYYRYH;60;2017-07-31 05:33:01 UTC;0.00;1126.38;1029.81;0.00;717.31;109.37;0.00;109.37;100.00
NOEYYRYH;60;2017-07-31 05:34:01 UTC;0.00;31.55;787.14;0.00;392.96;0.00;0.00;0.00;0.00
NOEYYRYH;60;2017-07-31 05:35:01 UTC;0.00;1123.97;1036.88;0.00;610.15;0.00;0.00;0.00;0.00
NOEYYRYH;60;2017-07-31 05:36:01 UTC;0.00;22.62;812.41;0.00;524.13;125.42;0.00;125.42;100.00
NOEYYRYH;60;2017-07-31 05:37:01 UTC;0.00;1124.30;991.48;0.00;601.43;0.00;0.00;0.00;0.00
NOEYYRYH;60;2017-07-31 05:38:01 UTC;0.00;28.61;802.93;0.00;393.75;0.00;0.00;0.00;0.00
NOEYYRYH;60;2017-07-31 05:39:01 UTC;0.00;1129.36;1026.16;0.00;707.10;98.72;0.00;98.72;100.00
NOEYYRYH;60;2017-07-31 05:40:01 UTC;0.00;22.14;801.57;0.00;392.98;0.00;0.00;0.00;0.00
NOEYYRYH;60;2017-07-31 05:41:01 UTC;0.00;1125.35;1003.90;0.00;607.66;0.00;0.00;0.00;0.00
NOEYYRYH;60;2017-07-31 05:42:01 UTC;0.00;21.60;807.85;0.00;512.44;117.35;0.00;117.35;100.00
NOEYYRYH;60;2017-07-31 05:43:01 UTC;0.07;1129.44;1015.39;0.00;605.12;0.00;0.00;0.00;0.00
NOEYYRYH;60;2017-07-31 05:44:01 UTC;0.00;30.61;772.96;0.00;390.22;0.00;0.00;0.00;0.00
NOEYYRYH;60;2017-07-31 05:45:01 UTC;0.00;1123.51;1031.34;0.00;687.85;80.03;0.00;80.03;100.00
NOEYYRYH;60;2017-07-31 05:46:02 UTC;0.00;22.95;812.61;0.00;399.13;0.00;0.00;0.00;0.00
NOEYYRYH;59;2017-07-31 05:47:01 UTC;0.00;1142.03;1046.05;0.00;702.47;84.07;0.00;84.07;100.00
NOEYYRYH;60;2017-07-31 05:48:01 UTC;0.00;28.08;794.36;0.00;392.18;0.00;0.00;0.00;0.00
NOEYYRYH;60;2017-07-31 05:49:01 UTC;0.00;1129.36;1006.85;0.00;604.57;0.00;0.00;0.00;0.00
NOEYYRYH;60;2017-07-31 05:50:01 UTC;0.00;24.01;790.93;0.00;517.92;125.38;0.00;125.38;100.00
NOEYYRYH;60;2017-07-31 05:51:01 UTC;0.00;1123.50;1050.23;0.00;623.23;0.00;0.00;0.00;0.00
NOEYYRYH;60;2017-07-31 05:52:01 UTC;0.00;22.87;786.11;0.00;391.03;0.00;0.00;0.00;0.00
NOEYYRYH;60;2017-07-31 05:53:01 UTC;37.16;1130.54;1027.86;0.37;706.62;98.75;0.00;98.75;100.00
NOEYYRYH;60;2017-07-31 05:54:01 UTC;0.00;29.48;801.43;0.00;394.05;0.00;0.00;0.00;0.00
NOEYYRYH;60;2017-07-31 05:55:01 UTC;0.00;1123.17;979.06;0.00;736.76;136.05;0.00;136.05;100.00
NOEYYRYH;60;2017-07-31 05:56:01 UTC;0.00;23.62;821.31;0.00;399.28;0.00;0.00;0.00;0.00
NOEYYRYH;60;2017-07-31 05:57:01 UTC;0.00;1123.24;1043.18;0.00;613.25;0.00;0.00;0.00;0.00
NOEYYRYH;60;2017-07-31 05:58:01 UTC;0.00;28.82;811.89;0.00;398.32;0.00;0.00;0.00;0.00
NOEYYRYH;60;2017-07-31 05:59:01 UTC;0.07;1130.57;975.07;0.00;672.69;80.04;0.00;80.04;100.00
NOEYYRYH;60;2017-07-31 06:00:01 UTC;0.00;22.81;843.36;0.00;407.20;0.00;0.00;0.00;0.00
NOEYYRYH;60;2017-07-31 06:01:01 UTC;0.00;1125.16;1029.11;0.00;604.95;0.00;0.00;0.00;0.00
NOEYYRYH;60;2017-07-31 06:02:01 UTC;0.00;23.20;872.88;0.00;549.49;130.69;0.00;130.69;100.00
NOEYYRYH;60;2017-07-31 06:03:01 UTC;0.00;1129.65;1013.52;0.00;600.57;0.00;0.00;0.00;0.00
NOEYYRYH;60;2017-07-31 06:04:01 UTC;0.00;31.68;831.10;0.00;406.24;0.00;0.00;0.00;0.00
NOEYYRYH;60;2017-07-31 06:05:01 UTC;0.00;1122.69;992.35;0.00;691.40;96.05;0.00;96.05;100.00
NOEYYRYH;60;2017-07-31 06:06:01 UTC;0.00;24.14;825.54;0.00;405.92;0.00;0.00;0.00;0.00
NOEYYRYH;60;2017-07-31 06:07:01 UTC;0.00;1123.67;1005.37;0.00;600.30;0.00;0.00;0.00;0.00
NOEYYRYH;60;2017-07-31 06:08:01 UTC;0.00;29.20;813.53;0.00;473.88;77.33;0.00;77.33;100.00
NOEYYRYH;60;2017-07-31 06:09:01 UTC;0.00;1130.30;1011.39;0.00;602.75;0.00;0.00;0.00;0.00
NOEYYRYH;60;2017-07-31 06:10:01 UTC;0.00;22.07;802.30;0.00;475.11;80.03;0.00;80.03;100.00
NOEYYRYH;60;2017-07-31 06:11:01 UTC;0.00;1125.67;1020.23;0.00;610.63;0.00;0.00;0.00;0.00
NOEYYRYH;60;2017-07-31 06:12:01 UTC;0.00;22.08;805.64;0.00;472.23;77.38;0.00;77.38;100.00
NOEYYRYH;60;2017-07-31 06:13:01 UTC;0.00;1128.69;997.78;0.00;679.72;77.38;0.00;77.38;100.00
NOEYYRYH;60;2017-07-31 06:14:01 UTC;0.00;31.28;808.82;0.00;394.88;0.00;0.00;0.00;0.00
NOEYYRYH;60;2017-07-31 06:15:01 UTC;0.00;1123.50;1039.55;0.00;617.16;0.00;0.00;0.00;0.00
NOEYYRYH;60;2017-07-31 06:16:01 UTC;0.00;23.95;802.33;0.00;469.61;80.05;0.00;80.05;100.00
NOEYYRYH;60;2017-07-31 06:17:01 UTC;0.00;1123.71;1014.69;0.00;604.58;0.00;0.00;0.00;0.00
NOEYYRYH;60;2017-07-31 06:18:01 UTC;0.00;28.28;793.38;0.00;391.73;0.00;0.00;0.00;0.00
NOEYYRYH;60;2017-07-31 06:19:01 UTC;0.00;1131.98;1000.17;0.00;709.69;106.70;0.00;106.70;100.00
NOEYYRYH;60;2017-07-31 06:20:01 UTC;0.00;20.54;835.42;0.00;403.15;0.00;0.00;0.00;0.00
NOEYYRYH;60;2017-07-31 06:21:01 UTC;0.00;1124.39;995.62;0.00;677.85;74.68;0.00;74.68;100.00
NOEYYRYH;60;2017-07-31 06:22:01 UTC;0.00;22.81;804.27;0.00;395.08;0.00;0.00;0.00;0.00
NOEYYRYH;60;2017-07-31 06:23:01 UTC;0.00;1128.55;1005.04;0.00;739.96;135.56;0.00;135.56;100.00
NOEYYRYH;60;2017-07-31 06:24:01 UTC;0.00;33.27;814.60;0.00;396.17;0.00;0.00;0.00;0.00
NOEYYRYH;60;2017-07-31 06:25:01 UTC;0.00;1122.21;1007.04;0.00;603.99;0.00;0.00;0.00;0.00
NOEYYRYH;60;2017-07-31 06:26:01 UTC;0.00;24.22;820.08;0.00;400.45;0.00;0.00;0.00;0.00
NOEYYRYH;60;2017-07-31 06:27:01 UTC;0.07;1122.36;995.28;0.00;689.34;85.91;0.00;85.91;100.00
NOEYYRYH;60;2017-07-31 06:28:01 UTC;0.00;30.01;833.84;0.00;407.65;0.00;0.00;0.00;0.00
NOEYYRYH;60;2017-07-31 06:29:01 UTC;0.00;1131.03;995.61;0.00;594.66;0.00;0.00;0.00;0.00
NOEYYRYH;60;2017-07-31 06:30:01 UTC;0.00;22.41;781.46;0.00;484.41;91.76;0.00;91.76;100.00
NOEYYRYH;60;2017-07-31 06:31:01 UTC;0.00;1124.68;1030.77;0.00;697.10;91.79;0.00;91.79;100.00
NOEYYRYH;60;2017-07-31 06:32:01 UTC;0.00;22.54;811.82;0.00;395.77;0.00;0.00;0.00;0.00
NOEYYRYH;60;2017-07-31 06:33:01 UTC;0.00;1129.00;1008.07;0.00;604.70;0.00;0.00;0.00;0.00
NOEYYRYH;60;2017-07-31 06:34:01 UTC;0.00;31.55;790.48;0.00;394.18;0.00;0.00;0.00;0.00
NOEYYRYH;60;2017-07-31 06:35:01 UTC;0.00;1122.37;1011.19;0.00;708.44;104.57;0.00;104.57;100.00
NOEYYRYH;60;2017-07-31 06:36:01 UTC;0.00;25.15;811.84;0.00;397.97;0.00;0.00;0.00;0.00
NOEYYRYH;60;2017-07-31 06:37:01 UTC;0.07;1123.17;1033.99;0.00;609.67;0.00;0.00;0.00;0.00
NOEYYRYH;60;2017-07-31 06:38:01 UTC;0.00;30.02;786.53;0.00;485.26;91.78;0.00;91.78;100.00
NOEYYRYH;60;2017-07-31 06:39:01 UTC;2.33;1130.63;1038.67;0.10;709.40;94.45;0.00;94.45;100.00
NOEYYRYH;60;2017-07-31 06:40:01 UTC;0.00;22.41;808.74;0.00;396.28;0.00;0.00;0.00;0.00
NOEYYRYH;60;2017-07-31 06:41:01 UTC;0.00;1123.97;1004.62;0.00;601.80;0.00;0.00;0.00;0.00
NOEYYRYH;60;2017-07-31 06:42:01 UTC;0.00;23.34;791.76;0.00;391.95;0.00;0.00;0.00;0.00
NOEYYRYH;60;2017-07-31 06:43:01 UTC;12.68;1129.69;1008.01;0.12;708.92;104.07;0.00;104.07;100.00
NOEYYRYH;60;2017-07-31 06:44:02 UTC;0.00;30.22;797.30;0.00;395.20;0.00;0.00;0.00;0.00
NOEYYRYH;59;2017-07-31 06:45:01 UTC;0.00;1142.23;1061.71;0.00;624.02;0.00;0.00;0.00;0.00
NOEYYRYH;60;2017-07-31 06:46:01 UTC;0.00;24.22;798.93;0.00;482.97;83.80;0.00;83.80;100.00
NOEYYRYH;60;2017-07-31 06:47:01 UTC;0.00;1123.08;978.42;0.00;675.65;74.72;0.00;74.72;100.00
NOEYYRYH;60;2017-07-31 06:48:01 UTC;0.00;30.14;836.27;0.00;416.94;0.00;0.00;0.00;0.00
NOEYYRYH;60;2017-07-31 06:49:01 UTC;0.00;1130.21;1018.27;0.00;686.92;80.07;0.00;80.07;100.00
NOEYYRYH;60;2017-07-31 06:50:01 UTC;0.00;22.27;779.58;0.00;389.81;0.00;0.00;0.00;0.00
NOEYYRYH;60;2017-07-31 06:51:01 UTC;0.00;1126.34;1028.41;0.00;606.89;0.00;0.00;0.00;0.00
NOEYYRYH;60;2017-07-31 06:52:01 UTC;0.00;22.74;776.75;0.00;469.94;77.35;0.00;77.35;100.00
NOEYYRYH;60;2017-07-31 06:53:01 UTC;0.00;1128.14;1059.12;0.00;627.44;0.00;0.00;0.00;0.00
NOEYYRYH;60;2017-07-31 06:54:01 UTC;0.00;31.69;790.31;0.00;465.81;80.05;0.00;80.05;100.00
NOEYYRYH;60;2017-07-31 06:55:01 UTC;5.08;1136.65;1027.08;0.02;14370.16;77.51;0.00;77.51;100.00
NOEYYRYH;60;2017-07-31 06:56:01 UTC;0.00;37.02;833.01;0.00;402.45;0.00;0.00;0.00;0.00
NOEYYRYH;60;2017-07-31 06:57:01 UTC;0.00;1123.95;988.51;0.00;601.20;0.00;0.00;0.00;0.00
NOEYYRYH;60;2017-07-31 06:58:01 UTC;0.00;29.54;813.19;0.00;395.72;0.00;0.00;0.00;0.00
NOEYYRYH;60;2017-07-31 06:59:01 UTC;0.00;1130.21;1005.07;0.00;605.37;0.00;0.00;0.00;0.00
NOEYYRYH;60;2017-07-31 07:00:01 UTC;0.00;22.68;829.80;0.00;400.97;0.00;0.00;0.00;0.00
NOEYYRYH;60;2017-07-31 07:01:01 UTC;0.00;1124.60;1013.01;0.00;606.07;0.00;0.00;0.00;0.00
NOEYYRYH;60;2017-07-31 07:02:01 UTC;0.00;25.75;907.64;0.00;424.65;0.00;0.00;0.00;0.00
NOEYYRYH;60;2017-07-31 07:03:01 UTC;0.00;1129.46;1005.89;0.00;602.60;0.00;0.00;0.00;0.00
NOEYYRYH;60;2017-07-31 07:04:01 UTC;0.00;31.08;805.34;0.00;394.45;0.00;0.00;0.00;0.00
NOEYYRYH;60;2017-07-31 07:05:01 UTC;0.00;1123.70;989.09;0.00;599.08;0.00;0.00;0.00;0.00
NOEYYRYH;60;2017-07-31 07:06:01 UTC;0.00;25.27;836.39;0.00;401.53;0.00;0.00;0.00;0.00
NOEYYRYH;60;2017-07-31 07:07:01 UTC;0.00;1122.80;1018.75;0.00;605.70;0.00;0.00;0.00;0.00
NOEYYRYH;60;2017-07-31 07:08:01 UTC;0.00;29.68;808.94;0.00;395.53;0.00;0.00;0.00;0.00
NOEYYRYH;60;2017-07-31 07:09:01 UTC;0.07;1130.94;980.07;0.00;600.40;0.00;0.00;0.00;0.00
NOEYYRYH;60;2017-07-31 07:10:01 UTC;0.00;22.34;808.35;0.00;395.11;0.00;0.00;0.00;0.00
NOEYYRYH;60;2017-07-31 07:11:01 UTC;0.00;1125.34;1010.11;0.00;606.01;0.00;0.00;0.00;0.00
NOEYYRYH;60;2017-07-31 07:12:01 UTC;0.00;23.88;825.91;0.00;398.82;0.00;0.00;0.00;0.00
NOEYYRYH;60;2017-07-31 07:13:01 UTC;0.07;1128.55;996.05;0.00;600.87;0.00;0.00;0.00;0.00
NOEYYRYH;60;2017-07-31 07:14:01 UTC;0.00;31.81;838.20;0.00;406.54;0.00;0.00;0.00;0.00
NOEYYRYH;60;2017-07-31 07:15:01 UTC;0.00;1122.19;1007.68;0.00;602.93;0.00;0.00;0.00;0.00
NOEYYRYH;60;2017-07-31 07:16:01 UTC;0.00;24.75;804.90;0.00;391.69;0.00;0.00;0.00;0.00
NOEYYRYH;60;2017-07-31 07:17:01 UTC;0.00;1122.89;997.22;0.00;602.43;0.00;0.00;0.00;0.00
NOEYYRYH;60;2017-07-31 07:18:01 UTC;0.00;29.08;809.24;0.00;395.98;0.00;0.00;0.00;0.00
NOEYYRYH;60;2017-07-31 07:19:01 UTC;0.00;1129.78;994.40;0.00;603.08;0.00;0.00;0.00;0.00
NOEYYRYH;60;2017-07-31 07:20:01 UTC;0.00;23.82;822.34;0.00;397.85;0.00;0.00;0.00;0.00
NOEYYRYH;60;2017-07-31 07:21:01 UTC;0.00;1123.15;999.02;0.00;605.02;0.00;0.00;0.00;0.00
NOEYYRYH;60;2017-07-31 07:22:01 UTC;0.00;24.28;814.84;0.00;396.26;0.00;0.00;0.00;0.00
NOEYYRYH;60;2017-07-31 07:23:01 UTC;0.00;1128.98;1014.63;0.00;606.04;0.00;0.00;0.00;0.00
NOEYYRYH;60;2017-07-31 07:24:01 UTC;0.00;30.42;819.16;0.00;399.07;0.00;0.00;0.00;0.00
NOEYYRYH;60;2017-07-31 07:25:01 UTC;0.00;1124.95;984.34;0.00;601.73;0.00;0.00;0.00;0.00
NOEYYRYH;60;2017-07-31 07:26:01 UTC;0.00;22.75;817.90;0.00;400.73;0.00;0.00;0.00;0.00
NOEYYRYH;60;2017-07-31 07:27:01 UTC;0.00;1123.22;1004.90;0.00;603.59;0.00;0.00;0.00;0.00
NOEYYRYH;60;2017-07-31 07:28:01 UTC;0.00;30.27;816.90;0.00;397.02;0.00;0.00;0.00;0.00
NOEYYRYH;60;2017-07-31 07:29:01 UTC;0.07;1129.66;987.72;0.00;609.71;0.00;0.00;0.00;0.00
NOEYYRYH;60;2017-07-31 07:30:01 UTC;0.00;22.88;798.60;0.00;394.40;0.00;0.00;0.00;0.00
NOEYYRYH;60;2017-07-31 07:31:01 UTC;0.00;1124.64;1003.83;0.00;607.97;0.00;0.00;0.00;0.00
NOEYYRYH;60;2017-07-31 07:32:01 UTC;0.00;23.41;849.82;0.00;402.12;0.00;0.00;0.00;0.00
NOEYYRYH;60;2017-07-31 07:33:01 UTC;0.00;1126.62;995.06;0.00;599.33;0.00;0.00;0.00;0.00
NOEYYRYH;60;2017-07-31 07:34:01 UTC;0.00;31.94;808.98;0.00;394.97;0.00;0.00;0.00;0.00
NOEYYRYH;60;2017-07-31 07:35:01 UTC;0.00;1123.02;993.58;0.00;598.88;0.00;0.00;0.00;0.00
NOEYYRYH;60;2017-07-31 07:36:01 UTC;0.00;24.20;821.14;0.00;399.37;0.00;0.00;0.00;0.00
NOEYYRYH;60;2017-07-31 07:37:01 UTC;0.00;1123.48;1017.93;0.00;620.58;0.00;0.00;0.00;0.00
NOEYYRYH;60;2017-07-31 07:38:01 UTC;0.00;28.61;825.71;0.00;399.22;0.00;0.00;0.00;0.00
NOEYYRYH;60;2017-07-31 07:39:01 UTC;0.00;1129.72;1003.47;0.00;604.20;0.00;0.00;0.00;0.00
NOEYYRYH;60;2017-07-31 07:40:01 UTC;0.00;23.22;748.87;0.00;384.59;0.00;0.00;0.00;0.00
NOEYYRYH;60;2017-07-31 07:41:01 UTC;0.00;1123.84;1045.53;0.00;609.34;0.00;0.00;0.00;0.00
NOEYYRYH;60;2017-07-31 07:42:01 UTC;0.00;22.55;809.66;0.00;394.95;0.00;0.00;0.00;0.00
NOEYYRYH;60;2017-07-31 07:43:01 UTC;0.00;1128.89;1047.63;0.00;633.22;0.00;0.00;0.00;0.00
NOEYYRYH;60;2017-07-31 07:44:01 UTC;0.00;29.81;792.65;0.00;386.48;0.00;0.00;0.00;0.00
NOEYYRYH;60;2017-07-31 07:45:01 UTC;0.07;1123.02;1006.59;0.00;601.62;0.00;0.00;0.00;0.00
NOEYYRYH;60;2017-07-31 07:46:01 UTC;0.00;24.55;805.25;0.00;402.82;0.00;0.00;0.00;0.00
NOEYYRYH;60;2017-07-31 07:47:01 UTC;0.00;1123.56;1044.77;0.00;608.99;0.00;0.00;0.00;0.00
NOEYYRYH;59;2017-07-31 07:48:01 UTC;0.00;27.54;792.35;0.00;392.61;0.00;0.00;0.00;0.00
NOEYYRYH;60;2017-07-31 07:49:01 UTC;0.00;1131.35;1004.72;0.00;601.92;0.00;0.00;0.00;0.00
NOEYYRYH;60;2017-07-31 07:50:01 UTC;0.00;22.14;815.79;0.00;397.05;0.00;0.00;0.00;0.00
NOEYYRYH;60;2017-07-31 07:51:01 UTC;0.07;1123.47;1005.30;0.00;607.37;0.00;0.00;0.00;0.00
NOEYYRYH;60;2017-07-31 07:52:01 UTC;0.00;24.15;800.40;0.00;394.70;0.00;0.00;0.00;0.00
NOEYYRYH;60;2017-07-31 07:53:01 UTC;0.00;852.41;1022.40;0.00;600.67;0.00;0.00;0.00;0.00
NOEYYRYH;60;2017-07-31 07:54:01 UTC;0.00;304.77;797.61;0.00;402.54;0.00;0.00;0.00;0.00
NOEYYRYH;60;2017-07-31 07:55:01 UTC;0.00;1122.92;1033.29;0.00;618.30;0.00;0.00;0.00;0.00
NOEYYRYH;60;2017-07-31 07:56:01 UTC;0.00;23.68;777.47;0.00;391.86;0.00;0.00;0.00;0.00
NOEYYRYH;60;2017-07-31 07:57:01 UTC;0.00;1122.01;1033.71;0.00;608.29;0.00;0.00;0.00;0.00
NOEYYRYH;60;2017-07-31 07:58:01 UTC;0.00;30.14;804.32;0.00;394.10;0.00;0.00;0.00;0.00
NOEYYRYH;60;2017-07-31 07:59:01 UTC;0.07;1129.95;1022.63;0.00;625.77;0.00;0.00;0.00;0.00
NOEYYRYH;60;2017-07-31 08:00:01 UTC;0.00;22.41;792.44;0.00;392.26;0.00;0.00;0.00;0.00
NOEYYRYH;60;2017-07-31 08:01:01 UTC;0.00;849.67;1059.34;0.00;613.65;0.00;0.00;0.00;0.00
NOEYYRYH;60;2017-07-31 08:02:01 UTC;0.00;300.80;864.88;0.00;420.26;0.00;0.00;0.00;0.00
NOEYYRYH;60;2017-07-31 08:03:01 UTC;0.00;1126.78;1005.45;0.00;602.05;0.00;0.00;0.00;0.00
NOEYYRYH;60;2017-07-31 08:04:01 UTC;0.00;31.88;816.42;0.00;395.71;0.00;0.00;0.00;0.00
NOEYYRYH;60;2017-07-31 08:05:01 UTC;0.00;1122.36;1017.18;0.00;604.39;0.00;0.00;0.00;0.00
NOEYYRYH;60;2017-07-31 08:06:01 UTC;81.09;30.74;999.82;0.37;449.97;0.00;0.00;0.00;0.00
NOEYYRYH;60;2017-07-31 08:07:01 UTC;241.57;1136.20;1243.94;0.67;681.87;0.00;0.00;0.00;0.00
NOEYYRYH;60;2017-07-31 08:08:01 UTC;50.78;38.23;946.92;0.13;448.91;0.00;0.00;0.00;0.00
NOEYYRYH;60;2017-07-31 08:09:01 UTC;0.00;1130.34;1072.53;0.00;638.13;0.00;0.00;0.00;0.00
NOEYYRYH;60;2017-07-31 08:10:01 UTC;0.00;31.17;894.63;0.00;432.64;0.00;0.00;0.00;0.00
NOEYYRYH;60;2017-07-31 08:11:01 UTC;0.00;848.61;967.71;0.00;593.87;0.00;0.00;0.00;0.00
NOEYYRYH;60;2017-07-31 08:12:01 UTC;0.80;299.47;934.58;0.02;429.06;0.00;0.00;0.00;0.00
NOEYYRYH;60;2017-07-31 08:13:01 UTC;0.00;1130.81;1012.21;0.00;607.71;0.00;0.00;0.00;0.00
NOEYYRYH;60;2017-07-31 08:14:01 UTC;0.00;30.35;827.40;0.00;406.67;0.00;0.00;0.00;0.00
NOEYYRYH;60;2017-07-31 08:15:01 UTC;0.00;1126.06;1103.12;0.00;649.32;0.00;0.00;0.00;0.00
NOEYYRYH;60;2017-07-31 08:16:01 UTC;0.00;29.84;898.35;0.00;424.35;0.00;0.00;0.00;0.00
NOEYYRYH;60;2017-07-31 08:17:01 UTC;0.00;1125.06;1036.35;0.00;614.50;0.00;0.00;0.00;0.00
NOEYYRYH;60;2017-07-31 08:18:01 UTC;0.00;31.69;791.01;0.00;386.46;0.00;0.00;0.00;0.00
NOEYYRYH;60;2017-07-31 08:19:01 UTC;0.00;854.68;1008.59;0.00;597.28;0.00;0.00;0.00;0.00
NOEYYRYH;60;2017-07-31 08:20:01 UTC;0.07;297.53;813.71;0.00;402.57;0.00;0.00;0.00;0.00
NOEYYRYH;60;2017-07-31 08:21:01 UTC;0.00;1123.11;1015.07;0.00;608.17;0.00;0.00;0.00;0.00
NOEYYRYH;60;2017-07-31 08:22:01 UTC;0.00;24.41;800.42;0.00;395.76;0.00;0.00;0.00;0.00
NOEYYRYH;60;2017-07-31 08:23:01 UTC;0.07;1127.28;1008.59;0.00;603.89;0.00;0.00;0.00;0.00
NOEYYRYH;60;2017-07-31 08:24:01 UTC;0.00;33.48;807.99;0.00;395.78;0.00;0.00;0.00;0.00
NOEYYRYH;60;2017-07-31 08:25:01 UTC;0.00;1128.21;1065.61;0.00;634.17;0.00;0.00;0.00;0.00
NOEYYRYH;60;2017-07-31 08:26:01 UTC;0.00;28.50;828.81;0.00;401.74;0.00;0.00;0.00;0.00
NOEYYRYH;60;2017-07-31 08:27:01 UTC;0.00;854.57;1100.57;0.00;632.24;0.00;0.00;0.00;0.00
NOEYYRYH;60;2017-07-31 08:28:01 UTC;0.00;308.92;874.50;0.00;429.66;0.00;0.00;0.00;0.00
NOEYYRYH;60;2017-07-31 08:29:01 UTC;0.00;1130.03;1033.48;0.00;618.01;0.00;0.00;0.00;0.00
NOEYYRYH;60;2017-07-31 08:30:01 UTC;0.00;22.81;793.65;0.00;387.74;0.00;0.00;0.00;0.00
NOEYYRYH;60;2017-07-31 08:31:01 UTC;0.00;1124.02;1010.81;0.00;608.17;0.00;0.00;0.00;0.00
NOEYYRYH;60;2017-07-31 08:32:01 UTC;0.00;22.95;783.97;0.00;392.33;0.00;0.00;0.00;0.00
NOEYYRYH;60;2017-07-31 08:33:01 UTC;0.00;1132.05;1070.12;0.00;633.37;0.00;0.00;0.00;0.00
NOEYYRYH;60;2017-07-31 08:34:01 UTC;0.00;33.02;840.37;0.00;401.10;0.00;0.00;0.00;0.00
NOEYYRYH;60;2017-07-31 08:35:01 UTC;0.00;849.62;1023.61;0.00;598.33;0.00;0.00;0.00;0.00
NOEYYRYH;60;2017-07-31 08:36:01 UTC;0.07;302.62;773.50;0.00;367.02;0.00;0.00;0.00;0.00
NOEYYRYH;60;2017-07-31 08:37:01 UTC;0.00;849.82;1111.99;0.00;673.09;0.00;0.00;0.00;0.00
NOEYYRYH;60;2017-07-31 08:38:01 UTC;0.00;304.58;737.56;0.00;340.39;0.00;0.00;0.00;0.00
NOEYYRYH;60;2017-07-31 08:39:01 UTC;0.00;1130.24;1081.53;0.00;663.97;0.00;0.00;0.00;0.00
NOEYYRYH;60;2017-07-31 08:40:01 UTC;0.00;23.80;714.17;0.00;324.77;0.00;0.00;0.00;0.00
NOEYYRYH;60;2017-07-31 08:41:01 UTC;0.07;1130.41;1271.68;0.00;741.53;0.00;0.00;0.00;0.00
NOEYYRYH;60;2017-07-31 08:42:01 UTC;0.00;26.00;725.90;0.00;338.17;0.00;0.00;0.00;0.00
NOEYYRYH;60;2017-07-31 08:43:02 UTC;0.00;859.19;1204.55;0.00;719.59;0.00;0.00;0.00;0.00
NOEYYRYH;59;2017-07-31 08:44:01 UTC;0.00;315.21;798.34;0.00;315.70;0.00;0.00;0.00;0.00
NOEYYRYH;60;2017-07-31 08:45:01 UTC;0.00;852.79;1268.69;0.00;773.19;0.00;0.00;0.00;0.00
NOEYYRYH;60;2017-07-31 08:46:01 UTC;0.00;303.29;697.30;0.00;291.72;0.00;0.00;0.00;0.00
NOEYYRYH;60;2017-07-31 08:47:01 UTC;0.00;1121.09;1184.41;0.00;743.62;0.00;0.00;0.00;0.00
NOEYYRYH;60;2017-07-31 08:48:01 UTC;0.00;29.35;627.43;0.00;252.93;0.00;0.00;0.00;0.00
NOEYYRYH;60;2017-07-31 08:49:01 UTC;0.00;1132.28;1254.16;0.00;775.28;0.00;0.00;0.00;0.00
NOEYYRYH;60;2017-07-31 08:50:01 UTC;0.00;28.19;728.10;0.00;295.36;0.00;0.00;0.00;0.00
NOEYYRYH;60;2017-07-31 08:51:01 UTC;0.00;853.30;1280.88;0.00;765.72;0.00;0.00;0.00;0.00
NOEYYRYH;60;2017-07-31 08:52:01 UTC;0.00;304.05;693.71;0.00;289.39;0.00;0.00;0.00;0.00
NOEYYRYH;60;2017-07-31 08:53:01 UTC;0.00;854.18;1197.86;0.00;742.95;0.00;0.00;0.00;0.00
NOEYYRYH;60;2017-07-31 08:54:01 UTC;0.07;305.82;634.22;0.00;261.13;0.00;0.00;0.00;0.00
NOEYYRYH;60;2017-07-31 08:55:01 UTC;0.00;1123.63;1189.18;0.00;748.77;0.00;0.00;0.00;0.00
NOEYYRYH;60;2017-07-31 08:56:01 UTC;0.00;22.98;643.53;0.00;258.67;0.00;0.00;0.00;0.00
NOEYYRYH;60;2017-07-31 08:57:01 UTC;0.13;1124.33;1179.40;0.00;744.80;0.00;0.00;0.00;0.00
NOEYYRYH;60;2017-07-31 08:58:01 UTC;0.00;30.47;606.75;0.00;262.37;0.00;0.00;0.00;0.00
NOEYYRYH;60;2017-07-31 08:59:01 UTC;0.13;859.07;1365.86;0.00;793.86;0.00;0.00;0.00;0.00
NOEYYRYH;60;2017-07-31 09:00:01 UTC;0.00;304.39;803.64;0.00;317.58;0.00;0.00;0.00;0.00
NOEYYRYH;60;2017-07-31 09:01:01 UTC;0.00;852.39;1219.94;0.00;756.12;0.00;0.00;0.00;0.00
NOEYYRYH;60;2017-07-31 09:02:01 UTC;0.00;298.70;672.47;0.00;281.58;0.00;0.00;0.00;0.00
NOEYYRYH;60;2017-07-31 09:03:01 UTC;0.00;1127.67;1220.58;0.00;751.30;0.00;0.00;0.00;0.00
NOEYYRYH;60;2017-07-31 09:04:01 UTC;0.00;36.58;689.05;0.00;280.69;0.00;0.00;0.00;0.00
NOEYYRYH;60;2017-07-31 09:05:01 UTC;0.07;1122.52;1206.11;0.00;752.07;0.00;0.00;0.00;0.00
NOEYYRYH;60;2017-07-31 09:06:01 UTC;0.00;31.23;793.20;0.00;325.53;0.00;0.00;0.00;0.00
NOEYYRYH;60;2017-07-31 09:07:01 UTC;0.00;857.51;1339.40;0.00;812.27;0.00;0.00;0.00;0.00
NOEYYRYH;60;2017-07-31 09:08:01 UTC;0.07;308.97;708.62;0.00;291.08;0.00;0.00;0.00;0.00
NOEYYRYH;60;2017-07-31 09:09:01 UTC;0.00;860.60;1302.34;0.00;778.76;0.00;0.00;0.00;0.00
NOEYYRYH;60;2017-07-31 09:10:01 UTC;0.00;306.96;669.69;0.00;284.94;0.00;0.00;0.00;0.00
NOEYYRYH;60;2017-07-31 09:11:01 UTC;0.00;853.91;1272.29;0.00;787.41;0.00;0.00;0.00;0.00
NOEYYRYH;60;2017-07-31 09:12:01 UTC;0.00;301.90;668.13;0.00;265.93;0.00;0.00;0.00;0.00
NOEYYRYH;60;2017-07-31 09:13:01 UTC;3.94;1133.56;1311.82;0.02;805.93;0.00;0.00;0.00;0.00
NOEYYRYH;60;2017-07-31 09:14:01 UTC;0.00;32.14;683.11;0.00;261.08;0.00;0.00;0.00;0.00
NOEYYRYH;60;2017-07-31 09:15:01 UTC;0.00;850.84;1223.55;0.00;766.12;0.00;0.00;0.00;0.00
NOEYYRYH;60;2017-07-31 09:16:01 UTC;0.00;302.37;630.04;0.00;271.05;0.00;0.00;0.00;0.00
NOEYYRYH;60;2017-07-31 09:17:01 UTC;0.00;859.81;1400.17;0.00;813.06;0.00;0.00;0.00;0.00
NOEYYRYH;60;2017-07-31 09:18:01 UTC;0.00;310.40;635.51;0.00;246.05;0.00;0.00;0.00;0.00
NOEYYRYH;60;2017-07-31 09:19:01 UTC;0.00;863.54;1407.65;0.00;861.43;0.00;0.00;0.00;0.00
NOEYYRYH;60;2017-07-31 09:20:01 UTC;0.00;303.54;675.10;0.00;243.88;0.00;0.00;0.00;0.00
NOEYYRYH;60;2017-07-31 09:21:01 UTC;0.00;1131.18;1383.61;0.00;814.31;0.00;0.00;0.00;0.00
NOEYYRYH;60;2017-07-31 09:22:01 UTC;0.00;32.17;694.38;0.00;278.63;0.00;0.00;0.00;0.00
NOEYYRYH;60;2017-07-31 09:23:01 UTC;0.00;865.25;1420.57;0.00;808.31;0.00;0.00;0.00;0.00
NOEYYRYH;60;2017-07-31 09:24:01 UTC;0.00;307.54;559.51;0.00;259.67;0.00;0.00;0.00;0.00
NOEYYRYH;60;2017-07-31 09:25:01 UTC;0.00;850.14;1190.17;0.00;742.89;0.00;0.00;0.00;0.00
NOEYYRYH;60;2017-07-31 09:26:01 UTC;0.00;297.98;630.59;0.00;262.27;0.00;0.00;0.00;0.00
NOEYYRYH;60;2017-07-31 09:27:01 UTC;0.00;850.88;1197.68;0.00;740.37;0.00;0.00;0.00;0.00
NOEYYRYH;60;2017-07-31 09:28:01 UTC;0.20;309.98;860.53;0.00;339.67;0.00;0.00;0.00;0.00
NOEYYRYH;60;2017-07-31 09:29:01 UTC;0.00;1135.51;1179.92;0.00;745.96;0.00;0.00;0.00;0.00
NOEYYRYH;60;2017-07-31 09:30:01 UTC;0.67;27.76;662.64;0.02;281.10;0.00;0.00;0.00;0.00
NOEYYRYH;60;2017-07-31 09:31:01 UTC;0.00;849.70;1291.78;0.00;766.34;0.00;0.00;0.00;0.00
NOEYYRYH;60;2017-07-31 09:32:01 UTC;0.00;299.35;619.79;0.00;258.81;0.00;0.00;0.00;0.00
NOEYYRYH;60;2017-07-31 09:33:01 UTC;0.00;851.54;1201.97;0.00;743.77;0.00;0.00;0.00;0.00
NOEYYRYH;60;2017-07-31 09:34:01 UTC;0.00;306.06;617.61;0.00;256.50;0.00;0.00;0.00;0.00
NOEYYRYH;60;2017-07-31 09:35:01 UTC;0.00;849.42;1183.68;0.00;737.41;0.00;0.00;0.00;0.00
NOEYYRYH;60;2017-07-31 09:36:02 UTC;0.00;298.68;639.44;0.00;262.71;0.00;0.00;0.00;0.00
NOEYYRYH;59;2017-07-31 09:37:01 UTC;0.00;862.68;1114.14;0.00;678.04;0.00;0.00;0.00;0.00
NOEYYRYH;60;2017-07-31 09:38:01 UTC;0.00;302.92;731.14;0.00;331.61;0.00;0.00;0.00;0.00
NOEYYRYH;60;2017-07-31 09:39:01 UTC;0.00;854.11;1071.03;0.00;951.29;0.00;0.00;0.00;0.00
NOEYYRYH;60;2017-07-31 09:40:01 UTC;0.07;300.62;719.41;0.00;332.43;0.00;0.00;0.00;0.00
NOEYYRYH;60;2017-07-31 09:41:01 UTC;0.00;847.95;1120.12;0.00;677.38;0.00;0.00;0.00;0.00
NOEYYRYH;60;2017-07-31 09:42:01 UTC;0.00;298.95;697.50;0.00;327.50;0.00;0.00;0.00;0.00
NOEYYRYH;60;2017-07-31 09:43:01 UTC;0.00;850.23;1056.95;0.00;663.70;0.00;0.00;0.00;0.00
NOEYYRYH;60;2017-07-31 09:44:01 UTC;0.00;308.15;791.16;0.00;344.89;0.00;0.00;0.00;0.00
NOEYYRYH;60;2017-07-31 09:45:01 UTC;0.00;847.69;993.43;0.00;589.44;0.00;0.00;0.00;0.00
NOEYYRYH;60;2017-07-31 09:46:01 UTC;0.00;298.90;810.40;0.00;410.79;0.00;0.00;0.00;0.00
NOEYYRYH;60;2017-07-31 09:47:01 UTC;0.00;850.01;1013.87;0.00;599.80;0.00;0.00;0.00;0.00
NOEYYRYH;60;2017-07-31 09:48:01 UTC;0.00;302.38;804.45;0.00;401.90;0.00;0.00;0.00;0.00
NOEYYRYH;60;2017-07-31 09:49:01 UTC;0.00;855.10;937.71;0.00;588.38;0.00;0.00;0.00;0.00
NOEYYRYH;60;2017-07-31 09:50:01 UTC;0.00;300.72;902.82;0.00;418.12;0.00;0.00;0.00;0.00
NOEYYRYH;60;2017-07-31 09:51:01 UTC;0.00;574.59;1000.20;0.00;586.83;0.00;0.00;0.00;0.00
NOEYYRYH;60;2017-07-31 09:52:01 UTC;0.00;573.32;817.63;0.00;415.74;0.00;0.00;0.00;0.00
NOEYYRYH;60;2017-07-31 09:53:01 UTC;3.00;578.99;1145.35;0.02;635.29;0.00;0.00;0.00;0.00
NOEYYRYH;60;2017-07-31 09:54:01 UTC;0.00;583.01;784.53;0.00;398.51;0.00;0.00;0.00;0.00
NOEYYRYH;60;2017-07-31 09:55:01 UTC;3.60;582.92;1116.88;0.02;648.90;0.00;0.00;0.00;0.00
NOEYYRYH;60;2017-07-31 09:56:01 UTC;0.00;578.58;912.65;0.00;446.80;0.00;0.00;0.00;0.00
NOEYYRYH;60;2017-07-31 09:57:01 UTC;0.00;580.49;985.92;0.00;585.92;0.00;0.00;0.00;0.00
NOEYYRYH;60;2017-07-31 09:58:01 UTC;0.00;577.14;828.92;0.00;411.31;0.00;0.00;0.00;0.00
NOEYYRYH;60;2017-07-31 09:59:01 UTC;0.00;590.86;1106.12;0.00;643.83;0.00;0.00;0.00;0.00
NOEYYRYH;60;2017-07-31 10:00:01 UTC;0.00;578.15;887.44;0.00;436.65;0.00;0.00;0.00;0.00
NOEYYRYH;60;2017-07-31 10:01:01 UTC;0.13;583.38;1145.33;0.00;666.97;0.00;0.00;0.00;0.00
NOEYYRYH;60;2017-07-31 10:02:01 UTC;0.00;577.81;861.87;0.00;432.24;0.00;0.00;0.00;0.00
NOEYYRYH;60;2017-07-31 10:03:01 UTC;0.00;579.87;1031.45;0.00;596.03;0.00;0.00;0.00;0.00
NOEYYRYH;60;2017-07-31 10:04:01 UTC;0.00;580.62;795.38;0.00;406.42;0.00;0.00;0.00;0.00
NOEYYRYH;60;2017-07-31 10:05:01 UTC;0.00;582.87;1114.39;0.00;648.62;0.00;0.00;0.00;0.00
NOEYYRYH;60;2017-07-31 10:06:01 UTC;0.00;578.64;894.33;0.00;441.14;0.00;0.00;0.00;0.00
NOEYYRYH;60;2017-07-31 10:07:01 UTC;0.00;587.18;1202.49;0.00;675.67;0.00;0.00;0.00;0.00
NOEYYRYH;60;2017-07-31 10:08:01 UTC;0.07;592.92;1032.95;0.00;503.11;0.00;0.00;0.00;0.00
NOEYYRYH;60;2017-07-31 10:09:01 UTC;0.00;592.12;1123.56;0.00;649.65;0.00;0.00;0.00;0.00
NOEYYRYH;60;2017-07-31 10:10:01 UTC;0.00;577.52;816.88;0.00;426.68;0.00;0.00;0.00;0.00
NOEYYRYH;60;2017-07-31 10:11:01 UTC;34.30;578.55;1103.59;0.05;643.57;0.00;0.00;0.00;0.00
NOEYYRYH;60;2017-07-31 10:12:01 UTC;0.00;578.52;856.55;0.00;428.50;0.00;0.00;0.00;0.00
NOEYYRYH;60;2017-07-31 10:13:01 UTC;0.07;580.50;1017.59;0.00;1054.59;0.00;0.00;0.00;0.00
NOEYYRYH;60;2017-07-31 10:14:01 UTC;0.33;580.65;852.84;0.00;422.88;0.00;0.00;0.00;0.00
NOEYYRYH;60;2017-07-31 10:15:01 UTC;0.00;582.01;1017.85;0.00;599.13;0.00;0.00;0.00;0.00
NOEYYRYH;60;2017-07-31 10:16:01 UTC;0.00;576.37;995.76;0.00;496.28;0.00;0.00;0.00;0.00
NOEYYRYH;60;2017-07-31 10:17:01 UTC;2.00;581.65;1203.49;0.02;661.39;0.00;0.00;0.00;0.00
NOEYYRYH;60;2017-07-31 10:18:01 UTC;0.07;585.82;960.52;0.00;481.01;0.00;0.00;0.00;0.00
NOEYYRYH;60;2017-07-31 10:19:01 UTC;0.00;587.25;1141.04;0.00;645.33;0.00;0.00;0.00;0.00
NOEYYRYH;60;2017-07-31 10:20:01 UTC;0.00;576.39;838.21;0.00;424.56;0.00;0.00;0.00;0.00
NOEYYRYH;60;2017-07-31 10:21:01 UTC;0.00;576.55;1046.44;0.00;608.44;0.00;0.00;0.00;0.00
NOEYYRYH;60;2017-07-31 10:22:01 UTC;0.20;576.08;938.52;0.00;448.59;0.00;0.00;0.00;0.00
NOEYYRYH;60;2017-07-31 10:23:01 UTC;0.07;588.22;1035.85;0.00;618.36;0.00;0.00;0.00;0.00
NOEYYRYH;60;2017-07-31 10:24:01 UTC;0.33;585.35;1005.52;0.00;502.55;0.00;0.00;0.00;0.00
NOEYYRYH;60;2017-07-31 10:25:01 UTC;0.27;585.41;1178.68;0.00;668.80;0.00;0.00;0.00;0.00
NOEYYRYH;60;2017-07-31 10:26:01 UTC;0.00;579.51;927.41;0.00;474.49;0.00;0.00;0.00;0.00
NOEYYRYH;60;2017-07-31 10:27:01 UTC;0.00;588.58;1252.62;0.00;696.34;0.00;0.00;0.00;0.00
NOEYYRYH;60;2017-07-31 10:28:01 UTC;0.07;577.58;1007.07;0.00;472.22;0.00;0.00;0.00;0.00
NOEYYRYH;60;2017-07-31 10:29:01 UTC;0.27;590.42;1143.88;0.00;664.69;0.00;0.00;0.00;0.00
NOEYYRYH;60;2017-07-31 10:30:02 UTC;0.00;573.18;834.74;0.00;414.23;0.00;0.00;0.00;0.00
NOEYYRYH;59;2017-07-31 10:31:01 UTC;0.00;583.99;1024.33;0.00;603.56;0.00;0.00;0.00;0.00
NOEYYRYH;60;2017-07-31 10:32:01 UTC;0.00;573.38;794.78;0.00;407.25;0.00;0.00;0.00;0.00
NOEYYRYH;60;2017-07-31 10:33:01 UTC;0.00;578.06;1016.51;0.00;592.00;0.00;0.00;0.00;0.00
NOEYYRYH;60;2017-07-31 10:34:01 UTC;0.00;580.71;810.44;0.00;411.16;0.00;0.00;0.00;0.00
NOEYYRYH;60;2017-07-31 10:35:01 UTC;0.00;575.59;997.63;0.00;590.15;0.00;0.00;0.00;0.00
NOEYYRYH;60;2017-07-31 10:36:01 UTC;0.00;571.91;823.28;0.00;414.14;0.00;0.00;0.00;0.00
NOEYYRYH;60;2017-07-31 10:37:01 UTC;0.00;575.55;1000.55;0.00;590.61;0.00;0.00;0.00;0.00
NOEYYRYH;60;2017-07-31 10:38:01 UTC;0.00;576.55;804.22;0.00;417.83;0.00;0.00;0.00;0.00
NOEYYRYH;60;2017-07-31 10:39:01 UTC;0.00;581.69;1020.96;0.00;592.10;0.00;0.00;0.00;0.00
NOEYYRYH;60;2017-07-31 10:40:01 UTC;0.00;573.03;785.25;0.00;408.95;0.00;0.00;0.00;0.00
NOEYYRYH;60;2017-07-31 10:41:01 UTC;0.00;574.35;1034.17;0.00;595.76;0.00;0.00;0.00;0.00
NOEYYRYH;60;2017-07-31 10:42:01 UTC;0.00;572.76;805.58;0.00;406.77;0.00;0.00;0.00;0.00
NOEYYRYH;60;2017-07-31 10:43:01 UTC;0.00;578.02;1006.05;0.00;589.93;0.00;0.00;0.00;0.00
NOEYYRYH;60;2017-07-31 10:44:01 UTC;0.00;579.82;808.17;0.00;409.91;0.00;0.00;0.00;0.00
NOEYYRYH;60;2017-07-31 10:45:01 UTC;0.00;574.96;1030.21;0.00;593.17;0.00;0.00;0.00;0.00
NOEYYRYH;60;2017-07-31 10:46:01 UTC;0.00;572.55;810.14;0.00;414.02;0.00;0.00;0.00;0.00
NOEYYRYH;60;2017-07-31 10:47:01 UTC;0.00;576.65;964.46;0.00;583.79;0.00;0.00;0.00;0.00
NOEYYRYH;60;2017-07-31 10:48:01 UTC;0.00;576.09;843.79;0.00;413.26;0.00;0.00;0.00;0.00
NOEYYRYH;60;2017-07-31 10:49:01 UTC;0.00;583.16;999.62;0.00;588.91;0.00;0.00;0.00;0.00
NOEYYRYH;60;2017-07-31 10:50:01 UTC;0.00;572.22;787.71;0.00;408.82;0.00;0.00;0.00;0.00
NOEYYRYH;60;2017-07-31 10:51:01 UTC;0.00;573.89;1035.77;0.00;596.30;0.00;0.00;0.00;0.00
NOEYYRYH;60;2017-07-31 10:52:01 UTC;0.00;573.13;812.35;0.00;408.80;0.00;0.00;0.00;0.00
NOEYYRYH;60;2017-07-31 10:53:01 UTC;0.00;577.89;1007.07;0.00;607.45;0.00;0.00;0.00;0.00
NOEYYRYH;60;2017-07-31 10:54:01 UTC;0.00;580.16;793.86;0.00;407.14;0.00;0.00;0.00;0.00
NOEYYRYH;60;2017-07-31 10:55:01 UTC;1.33;573.99;1019.72;0.05;592.51;0.00;0.00;0.00;0.00
NOEYYRYH;60;2017-07-31 10:56:01 UTC;2.60;573.38;798.67;0.03;411.51;0.00;0.00;0.00;0.00
NOEYYRYH;60;2017-07-31 10:57:01 UTC;0.00;576.35;1023.38;0.00;592.80;0.00;0.00;0.00;0.00
NOEYYRYH;60;2017-07-31 10:58:01 UTC;0.00;575.79;790.25;0.00;404.80;0.00;0.00;0.00;0.00
NOEYYRYH;60;2017-07-31 10:59:01 UTC;0.00;580.82;1012.43;0.00;701.03;0.00;0.00;0.00;0.00
NOEYYRYH;60;2017-07-31 11:00:01 UTC;0.00;573.30;809.63;0.00;410.85;0.00;0.00;0.00;0.00
NOEYYRYH;60;2017-07-31 11:01:01 UTC;0.00;574.01;1055.55;0.00;595.10;0.00;0.00;0.00;0.00
NOEYYRYH;60;2017-07-31 11:02:01 UTC;0.00;577.09;886.44;0.00;438.02;0.00;0.00;0.00;0.00
NOEYYRYH;60;2017-07-31 11:03:01 UTC;0.00;578.39;1005.80;0.00;590.23;0.00;0.00;0.00;0.00
NOEYYRYH;60;2017-07-31 11:04:01 UTC;0.00;580.22;829.56;0.00;418.88;0.00;0.00;0.00;0.00
NOEYYRYH;60;2017-07-31 11:05:01 UTC;0.00;576.62;997.28;0.00;588.11;0.00;0.00;0.00;0.00
NOEYYRYH;60;2017-07-31 11:06:01 UTC;0.00;571.26;821.61;0.00;414.52;0.00;0.00;0.00;0.00
NOEYYRYH;60;2017-07-31 11:07:01 UTC;0.00;578.65;991.06;0.00;588.07;0.00;0.00;0.00;0.00
NOEYYRYH;60;2017-07-31 11:08:01 UTC;0.00;578.22;829.91;0.00;412.41;0.00;0.00;0.00;0.00
NOEYYRYH;60;2017-07-31 11:09:01 UTC;0.00;581.70;1026.04;0.00;596.80;0.00;0.00;0.00;0.00
NOEYYRYH;60;2017-07-31 11:10:01 UTC;0.00;574.26;809.87;0.00;415.21;0.00;0.00;0.00;0.00
NOEYYRYH;60;2017-07-31 11:11:01 UTC;0.00;575.02;992.91;0.00;601.35;0.00;0.00;0.00;0.00
NOEYYRYH;60;2017-07-31 11:12:01 UTC;0.00;574.72;795.56;0.00;407.12;0.00;0.00;0.00;0.00
NOEYYRYH;60;2017-07-31 11:13:01 UTC;0.00;580.89;1035.85;0.00;596.00;0.00;0.00;0.00;0.00
NOEYYRYH;60;2017-07-31 11:14:01 UTC;0.00;579.72;791.28;0.00;405.95;0.00;0.00;0.00;0.00
NOEYYRYH;60;2017-07-31 11:15:01 UTC;0.00;576.82;1009.27;0.00;599.70;0.00;0.00;0.00;0.00
NOEYYRYH;60;2017-07-31 11:16:01 UTC;0.00;571.95;827.31;0.00;417.09;0.00;0.00;0.00;0.00
NOEYYRYH;60;2017-07-31 11:17:01 UTC;0.00;577.42;1002.02;0.00;589.03;0.00;0.00;0.00;0.00
NOEYYRYH;60;2017-07-31 11:18:01 UTC;0.00;576.64;820.79;0.00;415.00;0.00;0.00;0.00;0.00
NOEYYRYH;60;2017-07-31 11:19:01 UTC;0.00;582.66;990.73;0.00;583.88;0.00;0.00;0.00;0.00
NOEYYRYH;60;2017-07-31 11:20:01 UTC;0.00;573.86;822.46;0.00;413.05;0.00;0.00;0.00;0.00
NOEYYRYH;60;2017-07-31 11:21:01 UTC;0.00;574.55;998.87;0.00;590.56;0.00;0.00;0.00;0.00
NOEYYRYH;60;2017-07-31 11:22:01 UTC;1.13;573.95;905.85;0.02;435.28;0.00;0.00;0.00;0.00
NOEYYRYH;60;2017-07-31 11:23:01 UTC;0.00;582.36;993.10;0.00;584.28;0.00;0.00;0.00;0.00
NOEYYRYH;60;2017-07-31 11:24:02 UTC;0.00;579.59;834.36;0.00;416.91;0.00;0.00;0.00;0.00
NOEYYRYH;59;2017-07-31 11:25:01 UTC;0.00;585.41;1010.97;0.00;598.00;0.00;0.00;0.00;0.00
NOEYYRYH;60;2017-07-31 11:26:01 UTC;0.00;578.92;913.78;0.00;455.29;0.00;0.00;0.00;0.00
NOEYYRYH;60;2017-07-31 11:27:01 UTC;0.00;575.81;1008.87;0.00;590.41;0.00;0.00;0.00;0.00
NOEYYRYH;60;2017-07-31 11:28:01 UTC;16.35;579.74;913.63;0.13;443.42;0.00;0.00;0.00;0.00
NOEYYRYH;60;2017-07-31 11:29:01 UTC;0.00;583.33;1026.58;0.00;593.33;0.00;0.00;0.00;0.00
NOEYYRYH;60;2017-07-31 11:30:01 UTC;0.00;571.88;788.87;0.00;408.02;0.00;0.00;0.00;0.00
NOEYYRYH;60;2017-07-31 11:31:01 UTC;0.00;575.62;1027.03;0.00;596.65;0.00;0.00;0.00;0.00
NOEYYRYH;60;2017-07-31 11:32:01 UTC;0.00;572.52;814.87;0.00;410.95;0.00;0.00;0.00;0.00
NOEYYRYH;60;2017-07-31 11:33:01 UTC;0.00;579.48;1027.39;0.00;601.85;0.00;0.00;0.00;0.00
NOEYYRYH;60;2017-07-31 11:34:01 UTC;0.00;579.62;790.91;0.00;401.32;0.00;0.00;0.00;0.00
NOEYYRYH;60;2017-07-31 11:35:01 UTC;0.00;574.92;1009.47;0.00;590.51;0.00;0.00;0.00;0.00
NOEYYRYH;60;2017-07-31 11:36:01 UTC;0.00;571.09;797.37;0.00;413.16;0.00;0.00;0.00;0.00
NOEYYRYH;60;2017-07-31 11:37:01 UTC;0.00;574.89;1030.18;0.00;592.96;0.00;0.00;0.00;0.00
NOEYYRYH;60;2017-07-31 11:38:01 UTC;0.00;578.85;771.11;0.00;405.44;0.00;0.00;0.00;0.00
NOEYYRYH;60;2017-07-31 11:39:01 UTC;0.00;579.59;1048.50;0.00;596.00;0.00;0.00;0.00;0.00
NOEYYRYH;60;2017-07-31 11:40:01 UTC;0.00;571.29;811.84;0.00;412.44;0.00;0.00;0.00;0.00
NOEYYRYH;60;2017-07-31 11:41:01 UTC;0.00;576.21;976.13;0.00;587.17;0.00;0.00;0.00;0.00
NOEYYRYH;60;2017-07-31 11:42:01 UTC;0.00;572.16;837.11;0.00;412.84;0.00;0.00;0.00;0.00
NOEYYRYH;60;2017-07-31 11:43:01 UTC;0.00;579.32;1011.46;0.00;592.65;0.00;0.00;0.00;0.00
NOEYYRYH;60;2017-07-31 11:44:01 UTC;0.00;580.22;768.60;0.00;403.35;0.00;0.00;0.00;0.00
NOEYYRYH;60;2017-07-31 11:45:01 UTC;0.00;573.28;1033.73;0.00;595.00;0.00;0.00;0.00;0.00
NOEYYRYH;60;2017-07-31 11:46:01 UTC;0.00;572.26;803.30;0.00;413.40;0.00;0.00;0.00;0.00
NOEYYRYH;60;2017-07-31 11:47:01 UTC;0.00;576.41;1024.90;0.00;593.19;0.00;0.00;0.00;0.00
NOEYYRYH;60;2017-07-31 11:48:01 UTC;0.00;576.33;827.71;0.00;418.74;0.00;0.00;0.00;0.00
NOEYYRYH;60;2017-07-31 11:49:01 UTC;2.13;581.56;954.83;0.00;579.37;0.00;0.00;0.00;0.00
NOEYYRYH;60;2017-07-31 11:50:01 UTC;0.00;571.66;840.30;0.00;414.49;0.00;0.00;0.00;0.00
NOEYYRYH;60;2017-07-31 11:51:01 UTC;0.00;573.98;1001.12;0.00;593.25;0.00;0.00;0.00;0.00
NOEYYRYH;60;2017-07-31 11:52:01 UTC;0.00;572.95;822.96;0.00;412.11;0.00;0.00;0.00;0.00
NOEYYRYH;60;2017-07-31 11:53:01 UTC;0.00;580.59;1000.57;0.00;586.70;0.00;0.00;0.00;0.00
NOEYYRYH;60;2017-07-31 11:54:01 UTC;0.00;576.78;816.79;0.00;413.84;0.00;0.00;0.00;0.00
NOEYYRYH;60;2017-07-31 11:55:01 UTC;2.07;576.08;994.20;0.00;586.52;0.00;0.00;0.00;0.00
NOEYYRYH;60;2017-07-31 11:56:01 UTC;0.00;573.52;840.83;0.00;420.75;0.00;0.00;0.00;0.00
NOEYYRYH;60;2017-07-31 11:57:01 UTC;0.00;574.55;969.49;0.00;584.50;0.00;0.00;0.00;0.00
NOEYYRYH;60;2017-07-31 11:58:01 UTC;0.00;577.73;821.16;0.00;412.34;0.00;0.00;0.00;0.00
NOEYYRYH;60;2017-07-31 11:59:01 UTC;0.00;582.06;1014.97;0.00;600.07;0.00;0.00;0.00;0.00
NOEYYRYH;60;2017-07-31 12:00:01 UTC;0.00;573.05;821.20;0.00;414.03;0.00;0.00;0.00;0.00
NOEYYRYH;60;2017-07-31 12:01:01 UTC;0.00;575.29;1027.75;0.00;630.23;0.00;0.00;0.00;0.00
NOEYYRYH;60;2017-07-31 12:02:01 UTC;0.00;576.46;892.06;0.00;436.20;0.00;0.00;0.00;0.00
NOEYYRYH;60;2017-07-31 12:03:01 UTC;0.00;580.82;987.78;0.00;588.01;0.00;0.00;0.00;0.00
NOEYYRYH;60;2017-07-31 12:04:01 UTC;0.00;579.89;832.52;0.00;414.29;0.00;0.00;0.00;0.00
NOEYYRYH;60;2017-07-31 12:05:01 UTC;0.00;577.06;986.91;0.00;588.80;0.00;0.00;0.00;0.00
NOEYYRYH;60;2017-07-31 12:06:01 UTC;0.00;572.62;832.55;0.00;415.12;0.00;0.00;0.00;0.00
NOEYYRYH;60;2017-07-31 12:07:01 UTC;0.00;575.58;1027.27;0.00;598.35;0.00;0.00;0.00;0.00
NOEYYRYH;60;2017-07-31 12:08:01 UTC;0.00;580.19;785.47;0.00;400.73;0.00;0.00;0.00;0.00
NOEYYRYH;60;2017-07-31 12:09:01 UTC;0.00;580.45;1008.54;0.00;592.11;0.00;0.00;0.00;0.00
NOEYYRYH;60;2017-07-31 12:10:01 UTC;0.00;572.70;797.08;0.00;409.57;0.00;0.00;0.00;0.00
NOEYYRYH;60;2017-07-31 12:11:01 UTC;0.00;577.86;1031.19;0.00;598.97;0.00;0.00;0.00;0.00
NOEYYRYH;60;2017-07-31 12:12:01 UTC;0.00;571.69;800.37;0.00;408.37;0.00;0.00;0.00;0.00
NOEYYRYH;60;2017-07-31 12:13:01 UTC;0.00;580.79;1016.27;0.00;643.06;0.00;0.00;0.00;0.00
NOEYYRYH;60;2017-07-31 12:14:01 UTC;0.00;580.45;799.02;0.00;409.61;0.00;0.00;0.00;0.00
NOEYYRYH;60;2017-07-31 12:15:01 UTC;0.00;575.08;1017.53;0.00;592.61;0.00;0.00;0.00;0.00
NOEYYRYH;60;2017-07-31 12:16:01 UTC;0.00;573.02;812.42;0.00;414.99;0.00;0.00;0.00;0.00
NOEYYRYH;60;2017-07-31 12:17:01 UTC;0.00;576.42;1026.70;0.00;600.75;0.00;0.00;0.00;0.00
NOEYYRYH;60;2017-07-31 12:18:01 UTC;0.00;577.89;778.74;0.00;398.07;0.00;0.00;0.00;0.00
NOEYYRYH;60;2017-07-31 12:19:01 UTC;0.00;581.66;1021.79;0.00;593.21;0.00;0.00;0.00;0.00
NOEYYRYH;60;2017-07-31 12:20:01 UTC;0.00;573.12;803.87;0.00;409.17;0.00;0.00;0.00;0.00
NOEYYRYH;60;2017-07-31 12:21:02 UTC;0.00;574.99;988.65;0.00;588.81;0.00;0.00;0.00;0.00
NOEYYRYH;59;2017-07-31 12:22:01 UTC;0.00;581.86;846.40;0.00;421.15;0.00;0.00;0.00;0.00
NOEYYRYH;60;2017-07-31 12:23:01 UTC;0.00;580.90;1024.74;0.00;593.87;0.00;0.00;0.00;0.00
NOEYYRYH;60;2017-07-31 12:24:01 UTC;0.00;579.68;777.45;0.00;403.87;0.00;0.00;0.00;0.00
NOEYYRYH;60;2017-07-31 12:25:01 UTC;0.00;575.85;1033.11;0.00;593.66;0.00;0.00;0.00;0.00
NOEYYRYH;60;2017-07-31 12:26:01 UTC;0.00;576.02;812.62;0.00;414.36;0.00;0.00;0.00;0.00
NOEYYRYH;60;2017-07-31 12:27:01 UTC;0.00;573.52;1001.45;0.00;589.15;0.00;0.00;0.00;0.00
NOEYYRYH;60;2017-07-31 12:28:01 UTC;0.00;579.72;816.16;0.00;413.16;0.00;0.00;0.00;0.00
NOEYYRYH;60;2017-07-31 12:29:01 UTC;0.00;582.36;1000.38;0.00;590.52;0.00;0.00;0.00;0.00
NOEYYRYH;60;2017-07-31 12:30:01 UTC;0.00;573.12;828.74;0.00;421.31;0.00;0.00;0.00;0.00
NOEYYRYH;60;2017-07-31 12:31:01 UTC;0.00;576.65;992.86;0.00;584.34;0.00;0.00;0.00;0.00
NOEYYRYH;60;2017-07-31 12:32:01 UTC;0.00;573.02;786.53;0.00;408.72;0.00;0.00;0.00;0.00
NOEYYRYH;60;2017-07-31 12:33:01 UTC;0.00;581.56;1046.71;0.00;597.32;0.00;0.00;0.00;0.00
NOEYYRYH;60;2017-07-31 12:34:01 UTC;0.00;579.53;806.22;0.00;411.40;0.00;0.00;0.00;0.00
NOEYYRYH;60;2017-07-31 12:35:01 UTC;0.00;576.55;1024.75;0.00;606.15;0.00;0.00;0.00;0.00
NOEYYRYH;60;2017-07-31 12:36:01 UTC;0.13;577.58;851.70;0.00;437.52;0.00;0.00;0.00;0.00
NOEYYRYH;60;2017-07-31 12:37:01 UTC;0.00;584.17;1134.95;0.00;646.18;0.00;0.00;0.00;0.00
